Id,SalePrice
1461,123303.6303585475
1462,159397.81280916627
1463,186974.676900593
1464,196201.84419422437
1465,185653.73454923002
1466,172086.94815798453
1467,173803.868726046
1468,164901.3782798838
1469,186222.17624185982
1470,124922.91177073542
1471,191625.49623306617
1472,93308.74778487944
1473,95382.27880143827
1474,150664.66905187638
1475,111226.30849387872
1476,368620.98475237447
1477,243338.81059608166
1478,277592.88544135995
1479,294068.9961411537
1480,497724.00967476954
1481,331836.7267551707
1482,200254.6864851145
1483,172935.97344919678
1484,163073.1344355227
1485,179057.6520967832
1486,193035.76427492022
1487,334990.85719354666
1488,231277.4508770942
1489,198948.05565999926
1490,233116.9746414461
1491,190672.51497386314
1492,93989.10319823517
1493,184309.9627152642
1494,286331.0136896115
1495,286731.71919026686
1496,238260.05546372393
1497,182424.55857851089
1498,159157.1443857759
1499,161745.1200855114
1500,157305.18834319248
1501,175340.1698259345
1502,143883.93832195623
1503,290679.3894812923
1504,237052.2313345783
1505,226023.8022361122
1506,189853.46361850537
1507,257422.36994841354
1508,196430.90396808446
1509,159099.21771808827
1510,144214.78325503677
1511,145517.7522169597
1512,170515.948900444
1513,140276.31066143772
1514,156231.72569900716
1515,196054.8608676473
1516,147255.51555793302
1517,163105.9568780073
1518,131864.75880357114
1519,223220.832102407
1520,135101.98606260717
1521,135614.97895750686
1522,168353.83673250355
1523,112617.4320221483
1524,122183.37002322079
1525,121947.12046398588
1526,114132.95276861962
1527,106285.8747311345
1528,131548.4461563231
1529,149638.17876999197
1530,175571.90402919578
1531,110065.13983333332
1532,97777.68502642908
1533,141751.89856656088
1534,120156.67925525653
1535,149438.21360262635
1536,106131.64865444766
1537,62751.34503117365
1538,144294.64629217083
1539,182381.2494051377
1540,97445.00260516434
1541,142212.27587078157
1542,137055.0896852311
1543,193037.87410659614
1544,78547.25573045567
1545,112512.48855311701
1546,129082.84973330186
1547,136229.0795713752
1548,137386.5836307539
1549,113722.27701089953
1550,136726.08341894066
1551,111907.63942093226
1552,147990.8475502733
1553,140896.3486977843
1554,111565.68953693227
1555,158855.82313423892
1556,85680.87203588142
1557,108165.59313031725
1558,96820.4252593665
1559,69190.21597882644
1560,135152.7952504365
1561,130363.2064204617
1562,130249.84070043254
1563,121754.90477278557
1564,159459.24350873855
1565,147285.84600326716
1566,234626.4909608216
1567,76630.72754043587
1568,226360.21050160393
1569,133847.8960395686
1570,136063.126443383
1571,118819.18697459478
1572,147065.26909962675
1573,247681.35246775442
1574,112202.07462866491
1575,227126.29932907192
1576,246155.34045010214
1577,190318.0519849336
1578,144437.14751902985
1579,147551.5111435229
1580,194138.63237191003
1581,148886.13041593885
1582,125246.69643115993
1583,318383.87600089016
1584,225870.3137917134
1585,138776.2615851158
1586,70854.3763790191
1587,97624.50365987931
1588,152795.17343566936
1589,98815.00490543134
1590,130575.46123388555
1591,92477.17139668067
1592,115446.17454544283
1593,126205.52522117416
1594,132908.16678685843
1595,114484.26201896596
1596,235698.74938985147
1597,188054.8797678335
1598,204320.4741404773
1599,171373.15944718197
1600,158195.0263796281
1601,64761.75786417919
1602,118007.95895412673
1603,72514.5729141805
1604,260490.33026493198
1605,237501.67166033745
1606,162434.76141622767
1607,167129.89023855416
1608,217738.63258597231
1609,184084.70387202367
1610,152019.4355476809
1611,135201.75507996144
1612,169848.58279203414
1613,168326.07760580245
1614,125716.45848298968
1615,86666.6616103305
1616,72895.9857062703
1617,89818.63538763666
1618,123821.69689323854
1619,139812.39741931154
1620,168896.98396821678
1621,138794.15445676327
1622,140418.68930537175
1623,268778.02336662833
1624,212745.67774191962
1625,119589.611291819
1626,159440.20993073276
1627,188455.74943410762
1628,282739.8325972926
1629,175275.51222763292
1630,365277.07376087893
1631,213643.14878795078
1632,233693.7117928306
1633,167032.02781893607
1634,187162.01604483585
1635,178080.78649003943
1636,151444.7869774314
1637,195930.24438608318
1638,184205.4126590208
1639,179923.31474794683
1640,261506.20197873554
1641,173489.53215997186
1642,232350.5564268227
1643,213210.46483478375
1644,228413.88677744407
1645,205021.32240809363
1646,156956.87478627835
1647,154864.15141852008
1648,131094.6812718878
1649,135437.15219709446
1650,116820.72344963226
1651,120509.75809317418
1652,94394.0926834402
1653,95863.32199183854
1654,143949.26192677446
1655,141548.83958904227
1656,143531.62058518693
1657,145223.2069458997
1658,142570.08584186458
1659,119675.01296305061
1660,157451.72401953206
1661,437175.5763627508
1662,409822.6288318254
1663,387096.0627261887
1664,426603.1803885314
1665,306974.3884933663
1666,330600.39079800085
1667,376346.37072133814
1668,346785.6836572518
1669,293796.7992077272
1670,358327.70746748033
1671,260390.1768839546
1672,425391.25784240116
1673,280142.05950942985
1674,236691.6820943209
1675,188577.0428414395
1676,194026.1185356337
1677,219712.045617742
1678,464160.5455652485
1679,408161.9382579528
1680,348645.3110816661
1681,247994.31705094496
1682,316294.2253068369
1683,178196.36981587214
1684,171477.49642803468
1685,167411.63253147522
1686,164340.0729772011
1687,162577.82757554683
1688,192928.19734750685
1689,190443.94826747643
1690,195868.0226121248
1691,184720.37874008788
1692,263401.06648481946
1693,165778.3643025227
1694,183625.0214385479
1695,161694.5313033891
1696,275688.69126098056
1697,165269.55799903104
1698,358118.7986094115
1699,319403.27427825145
1700,251726.78673558278
1701,265379.2848130497
1702,246570.66708329285
1703,248577.01990235786
1704,275922.6622137983
1705,230450.06225873952
1706,390302.25003766164
1707,212676.4602121344
1708,209438.90580958678
1709,267038.2045386312
1710,217348.60971764455
1711,264309.4335108989
1712,269720.2431317237
1713,281102.2684021072
1714,224425.52835257785
1715,203755.2172042358
1716,179533.25444153932
1717,171570.04672654302
1718,129807.32663201596
1719,200314.37954726518
1720,241646.5510466608
1721,156795.80588001185
1722,120768.47292437495
1723,152047.49194164673
1724,208629.2906231242
1725,242877.06992205256
1726,185341.49611825618
1727,157025.8484593577
1728,173241.76624753798
1729,170731.6317865904
1730,159021.44075514236
1731,120282.8043030489
1732,132312.74711077232
1733,118435.04024126987
1734,122232.2851392007
1735,128803.39220214677
1736,112145.78834449424
1737,311860.23358506983
1738,228753.16035745325
1739,262021.50805994362
1740,225684.21554072405
1741,200572.88872271226
1742,169468.18711263748
1743,174153.9631332982
1744,318269.3371276835
1745,213912.14069666865
1746,173130.88577292537
1747,220548.35935834717
1748,222762.88350214183
1749,145405.41168564325
1750,125097.97129280124
1751,242055.18653151568
1752,120369.3352345823
1753,148990.82336466282
1754,194617.0300074271
1755,161051.1798361164
1756,126164.82615941748
1757,122452.9180248146
1758,144999.73975638088
1759,159156.97465154424
1760,164547.30058480773
1761,139761.0140600464
1762,179130.35870592168
1763,172465.8302504179
1764,115008.9347417271
1765,152061.3108876651
1766,179130.16676190522
1767,217161.91141673288
1768,148395.685191622
1769,167005.02946413867
1770,143515.57800278626
1771,126772.25674904491
1772,129459.87793083153
1773,130597.77836551372
1774,140141.91803917638
1775,134996.0701527347
1776,126369.43835147735
1777,113379.12107618655
1778,137802.02357079228
1779,118275.11242667695
1780,172743.11046454578
1781,129773.90291185472
1782,86314.31593232669
1783,141943.13378253966
1784,102135.34488628262
1785,122899.36675728003
1786,136994.15578799663
1787,159839.15422704487
1788,54725.17650353388
1789,99783.38722787164
1790,80870.86849162896
1791,180051.22784266085
1792,152551.5744426243
1793,126218.39927484293
1794,145012.46902753343
1795,130194.94150229463
1796,122054.54831213603
1797,115942.39281458408
1798,122701.32865799266
1799,108474.21090362176
1800,133844.29342783283
1801,131239.1403619976
1802,127142.52489034085
1803,146168.80846000684
1804,146059.14931240777
1805,135386.90394219308
1806,117949.60813532583
1807,123473.65717843543
1808,115493.67838975454
1809,116156.40895852317
1810,148232.47680402297
1811,90540.09706675186
1812,98693.01867301528
1813,127899.10210510004
1814,98246.39255465724
1815,51117.97595013378
1816,94649.00340893121
1817,110308.82586512022
1818,146351.0287834332
1819,121190.62764587387
1820,52011.74342925193
1821,105224.63682479177
1822,146676.7289378165
1823,45053.28754409646
1824,127478.38731365105
1825,133883.67780897056
1826,102305.2955648411
1827,103402.19404967249
1828,136719.4247346207
1829,116702.90087245688
1830,139902.66898594474
1831,143247.80201330903
1832,77706.66104811786
1833,139124.20833262676
1834,114745.93103717224
1835,119687.32253209826
1836,122822.73739602821
1837,89089.638191835
1838,126520.61454964639
1839,92791.95046797107
1840,160278.5553928856
1841,138966.88811955144
1842,84036.43743027524
1843,134183.6140096425
1844,134406.98567149276
1845,134097.0193742177
1846,147846.7100473734
1847,161154.62612714962
1848,54625.880045842685
1849,103530.39795604888
1850,113598.27409994336
1851,153308.21573169396
1852,123165.16128420658
1853,132793.38042738338
1854,168006.8564026096
1855,143845.76114644064
1856,220341.5752974114
1857,142557.39335488595
1858,138443.52020108688
1859,115852.64866002137
1860,148769.0230157776
1861,115630.25686726975
1862,325660.7323092049
1863,307699.147904679
1864,307811.6136613821
1865,342182.14783891366
1866,344521.3888658027
1867,236535.47077133416
1868,302767.958393751
1869,206209.61093222132
1870,233913.31632260385
1871,255175.91551780977
1872,170324.12109392334
1873,236905.6358974861
1874,147585.56625448106
1875,201221.74520625343
1876,195153.60209511526
1877,209195.013119997
1878,206838.96465443308
1879,126339.68967178452
1880,134544.20060993402
1881,244558.09014258292
1882,242693.6221629567
1883,185462.70068400615
1884,199857.9165671061
1885,242149.39956013224
1886,301940.5478755135
1887,203450.1495424652
1888,270737.53882578947
1889,164904.2944870571
1890,118614.08679854611
1891,130895.2873566641
1892,102614.71089749034
1893,130775.40986143656
1894,126134.41635482473
1895,133915.77451579133
1896,126619.79553497791
1897,117712.22799524011
1898,110610.88736902464
1899,154040.9989826701
1900,144489.3356468036
1901,169754.11858990288
1902,143534.06729966783
1903,203423.12791955486
1904,143725.87775720228
1905,189515.48584526373
1906,144423.78350013154
1907,195258.65715024146
1908,106691.59543419952
1909,135869.5731883268
1910,118889.24418056778
1911,215973.80323482442
1912,318834.3452594316
1913,142081.53674595093
1914,54352.24776843599
1915,312062.00421898987
1916,66358.32036059324
1917,242576.40184171856
1918,140629.50472238133
1919,169997.89080828012
1920,154276.17406514433
1921,413323.0281955168
1922,324646.9519312478
1923,213376.41079280287
1924,231993.02187785495
1925,193612.34876523132
1926,398009.2003565969
1927,129557.32536758696
1928,153283.55376419798
1929,119264.85234049217
1930,126290.15739882339
1931,149737.74023738017
1932,141203.72988626984
1933,199554.3535318133
1934,179404.20420342195
1935,169771.74943373352
1936,192071.84421733706
1937,178652.49877962522
1938,172652.36513241517
1939,237434.99846454573
1940,183273.42583022828
1941,171191.53625612753
1942,181501.25628334735
1943,208070.29603959093
1944,380302.2550183196
1945,406915.0863466796
1946,139525.8312373003
1947,288108.0142733313
1948,170335.76846818643
1949,251321.82285867268
1950,184026.44432886768
1951,246383.5592094694
1952,205041.21693866185
1953,163573.9547760593
1954,179733.49075546509
1955,132420.67296960906
1956,285851.5861431828
1957,151907.00774975662
1958,314216.6180235835
1959,142553.58847679952
1960,114359.56736161758
1961,121027.54794974909
1962,93119.01572081473
1963,99224.63793700127
1964,107709.28209520107
1965,144461.1388958741
1966,135510.41037859762
1967,277176.1998067422
1968,440054.2422180138
1969,406080.1711933955
1970,453750.1728422945
1971,458497.74735719577
1972,381743.708251337
1973,252729.1385417409
1974,336028.7459552249
1975,432804.68276172684
1976,267651.96803491615
1977,356377.33849016856
1978,352833.21609130804
1979,340864.2781835809
1980,193583.65056501544
1981,345667.5281851427
1982,217193.28346926847
1983,198336.31503494136
1984,166710.36065664707
1985,226447.27817703516
1986,213398.63222564134
1987,175382.62718997226
1988,175021.9537528076
1989,190333.31288397932
1990,210165.66661094248
1991,230012.84944353503
1992,213623.69316610505
1993,168186.29934794546
1994,230676.6506953848
1995,187658.3941509835
1996,256102.47353904755
1997,313430.97068841045
1998,326450.17828607553
1999,269950.8329551624
2000,322078.83267836546
2001,267066.3721832683
2002,242892.55046605505
2003,248411.494410651
2004,271867.2952580125
2005,213495.05848629496
2006,218810.3333974217
2007,244156.48262123577
2008,216384.28131465628
2009,194526.16389012925
2010,190544.1486544267
2011,131962.1744909232
2012,173882.36295203902
2013,178685.8671562107
2014,184662.03712861353
2015,203702.59751529145
2016,194465.04889766738
2017,195353.87856959781
2018,120720.2956678143
2019,136252.18212855188
2020,107136.58788953908
2021,106968.84902575928
2022,171261.55229845675
2023,134670.4754620328
2024,264685.0551837171
2025,341466.13479350536
2026,174601.4770290792
2027,155951.91194378276
2028,151278.4125445214
2029,168611.0274968657
2030,262011.41146969874
2031,229366.97397146057
2032,246326.83293014765
2033,255136.02450596268
2034,171406.90406742177
2035,216995.2169433148
2036,195711.13616799007
2037,200509.31850529026
2038,292683.0986351998
2039,222677.17279418503
2040,279763.17081427237
2041,288464.9135070581
2042,201538.56044999073
2043,169081.11373374422
2044,166602.72246812217
2045,202562.0323534672
2046,142968.8993700263
2047,143810.7960032502
2048,141674.60155856173
2049,137699.83916543744
2050,177913.95258592174
2051,103368.17471431992
2052,125071.60855873671
2053,143469.98647767366
2054,73825.09241470731
2055,155369.27382770946
2056,144449.91906455177
2057,115775.23935285628
2058,217288.7186703082
2059,133478.10516384165
2060,174350.45441387672
2061,169383.71993183251
2062,130262.0191919626
2063,111474.30460804643
2064,142738.6837906596
2065,119870.49961792264
2066,160275.09935981722
2067,106707.68005453411
2068,145262.09371370263
2069,86303.05575595655
2070,112657.86600142036
2071,92894.00513255343
2072,122684.80670608178
2073,136673.47039259633
2074,182802.35517891977
2075,145494.5140430725
2076,121986.81446618454
2077,157528.59709684172
2078,125967.40380040789
2079,129462.76589539718
2080,116839.08703779327
2081,122013.22784626913
2082,125494.70959877633
2083,143942.46103472568
2084,109690.09552813075
2085,118014.42363756371
2086,110535.60788633146
2087,119745.89257365483
2088,94193.51363175527
2089,74665.89117119876
2090,123921.60801754858
2091,116106.41943911629
2092,122290.75764104638
2093,116419.66951307029
2094,105956.03123419195
2095,149218.3404964629
2096,77414.70162932195
2097,95401.97656779032
2098,149161.27699609555
2099,49685.763788330405
2100,74164.03987821873
2101,113554.46082667129
2102,121839.27631983822
2103,99609.36445724609
2104,130201.7458564759
2105,121547.48071091092
2106,63747.63725201458
2107,202538.07531659878
2108,111571.79283393527
2109,107359.39262436479
2110,133834.79831876623
2111,133502.37418049478
2112,141787.7565692301
2113,118785.66693781177
2114,107888.68373163028
2115,163041.0162383888
2116,118480.82505115666
2117,151045.76739286375
2118,124148.83541966052
2119,107876.7878624411
2120,112450.54324973625
2121,82330.79614582197
2122,108879.33358201396
2123,86415.28189598554
2124,158854.74920959971
2125,124759.26385812755
2126,148696.21677127283
2127,151824.2130492239
2128,122160.75734088119
2129,93361.12971930736
2130,140678.3777342187
2131,136253.82405713302
2132,114430.24325794143
2133,124657.42384171406
2134,119739.65648312781
2135,98677.98208898028
2136,74684.33384753871
2137,112618.38881747374
2138,130905.3562454307
2139,145167.7916331696
2140,138336.43131089845
2141,145162.75091796883
2142,124786.82825801996
2143,144417.52633118833
2144,120929.65272726855
2145,136725.83533747678
2146,163927.89486164585
2147,140964.4646468908
2148,133217.8090150462
2149,144543.73458034176
2150,228579.58450259033
2151,107370.02082253844
2152,174762.5594467654
2153,163312.79684144788
2154,106053.57395009999
2155,132473.9752724568
2156,260531.8788929544
2157,232916.2166658567
2158,238618.3111581981
2159,203089.83245573423
2160,170907.79833888993
2161,234336.06051013691
2162,370972.0679334161
2163,356227.77266341494
2164,240939.5184461962
2165,191688.8949422166
2166,152836.24663536702
2167,219186.53591319005
2168,195601.58249942673
2169,194508.20874720297
2170,220463.5515177063
2171,149390.94161533858
2172,130244.05135840471
2173,162460.36319625494
2174,228367.96777845983
2175,282476.4111236416
2176,327269.7861198777
2177,234812.2522304001
2178,205982.84885717466
2179,137926.81336690116
2180,228310.86191188093
2181,185953.8027839159
2182,216082.35820055232
2183,189225.95600090735
2184,122998.19279954715
2185,117994.25980331031
2186,144158.8746134594
2187,148555.4418471778
2188,153805.73093061591
2189,260593.5104863151
2190,79234.72420598783
2191,79698.01436809308
2192,86356.08637013935
2193,103884.37299653234
2194,101082.19798659939
2195,112379.47457251119
2196,102233.43399656893
2197,116043.23323032439
2198,159278.0212284449
2199,175231.8634375203
2200,145623.06130807629
2201,138407.42518480952
2202,202784.45171072145
2203,141074.8924215827
2204,179222.59337151455
2205,117770.68594399611
2206,137926.71452092088
2207,216580.5695619444
2208,248163.1168490341
2209,239843.5145925998
2210,117595.23004307054
2211,113527.17342542014
2212,118315.34253574084
2213,104934.41039299713
2214,127194.18206413627
2215,101771.6152577405
2216,148874.80734914774
2217,66269.9026274587
2218,63877.501543410144
2219,60226.79999317419
2220,55436.639591641295
2221,313086.1635900482
2222,278442.47887446836
2223,294480.91630764323
2224,209381.2797083218
2225,121401.29638463091
2226,193769.01862333703
2227,197775.41582126927
2228,261531.2269369883
2229,241841.872429432
2230,150130.25123941398
2231,207201.3288958014
2232,178921.7020317
2233,173405.3948292836
2234,234819.91830277964
2235,223036.87330680236
2236,254441.22123599806
2237,329850.5235806333
2238,201544.76729937084
2239,110078.28474998931
2240,156670.94805922828
2241,150716.21081823873
2242,121619.45871192307
2243,126917.35345950093
2244,100854.25879530823
2245,97379.82303215272
2246,139029.35302859166
2247,103068.81744201817
2248,121601.94959241197
2249,123579.44506218065
2250,132608.4565672727
2251,111716.00420552678
2252,167319.59826375943
2253,149764.61991868087
2254,172547.82628770548
2255,187225.1703224337
2256,179529.263132106
2257,209694.84129152613
2258,160446.9501409272
2259,177294.49644611598
2260,143141.66928901564
2261,190691.8755137371
2262,210295.5297484146
2263,387874.9416768738
2264,451280.2754698922
2265,168099.5759879549
2266,300550.23888584995
2267,375977.10943782557
2268,414262.4783940529
2269,147680.90262809338
2270,195310.1922329158
2271,212762.4197088929
2272,196070.1979712613
2273,165209.41577460532
2274,177274.0114740904
2275,154104.4612298125
2276,195196.25520526984
2277,188414.50886012745
2278,147828.84319815927
2279,126026.89528892054
2280,115449.16520963618
2281,167421.2359653593
2282,187380.84727848464
2283,102632.4107464517
2284,112185.16015304659
2285,137582.79345407532
2286,121882.7497356563
2287,368467.4175201402
2288,264068.9691123809
2289,377961.2479928432
2290,457561.0758364031
2291,323624.6077592191
2292,449510.0680712237
2293,456777.61134741607
2294,402979.31408469006
2295,456246.4726830185
2296,265817.69560290454
2297,337476.0105870366
2298,334278.5589323063
2299,370590.25223387417
2300,344416.38118505647
2301,295700.6364909564
2302,245863.96104765835
2303,234548.95941538605
2304,227471.26932386562
2305,190165.72315433726
2306,187942.19944134753
2307,190560.3988922297
2308,229357.72217918473
2309,276206.8657558706
2310,202651.10705106313
2311,194093.62166108546
2312,168584.196450679
2313,171036.5054537502
2314,166219.27504374133
2315,175735.273798795
2316,183920.82848723428
2317,186025.41143195817
2318,174533.76880216855
2319,174914.99759462874
2320,181603.1657641871
2321,241375.8123964049
2322,173152.92188243638
2323,188715.60119739646
2324,170929.46433972826
2325,207763.3247207965
2326,168976.81244096984
2327,203886.978811653
2328,225407.90447407882
2329,190606.87345792676
2330,178208.22158885282
2331,352283.9588348413
2332,389946.3393289146
2333,319431.4860213798
2334,248323.13890001064
2335,273741.4274412451
2336,328435.8166317316
2337,192946.82739539866
2338,262055.71515621536
2339,216828.88920313393
2340,391101.3093977301
2341,211930.29847659168
2342,229059.77539600455
2343,227993.2587592832
2344,209095.01609879005
2345,222838.66737319977
2346,204519.53346933672
2347,195283.55291353716
2348,229928.7744517832
2349,177523.47082112246
2350,299754.570578164
2351,250881.35955038824
2352,249484.92687697758
2353,243932.25583962383
2354,131204.64575416967
2355,137062.68119909425
2356,146804.99305700583
2357,189454.14980445238
2358,192216.43935839573
2359,129513.95774998779
2360,114431.3377932461
2361,146724.44830775936
2362,279968.27187044127
2363,140459.0770150357
2364,150321.44865369194
2365,211524.48342932836
2366,188504.58913467114
2367,219737.51756279418
2368,218797.62720795927
2369,215903.9355561491
2370,170749.56187573067
2371,167099.68988046175
2372,188010.70760429525
2373,282275.0367817134
2374,332851.91191514744
2375,255251.36464975795
2376,285852.5476167971
2377,342558.2554604273
2378,144321.94425037643
2379,195654.13201140924
2380,144140.34865361615
2381,163854.47631056583
2382,197296.8150669589
2383,206472.20805040235
2384,242838.48157278032
2385,159200.03830685464
2386,135910.92156585562
2387,134246.44251248872
2388,97020.37608940373
2389,122867.95864515596
2390,150182.6577821074
2391,144442.85212840032
2392,115297.22890572964
2393,166489.962046419
2394,142851.4926398757
2395,207247.74497776962
2396,140887.91256237222
2397,216832.70249323445
2398,136753.84531993425
2399,60164.06214533292
2400,53228.4395250326
2401,108179.2460787994
2402,137059.88162688786
2403,138714.77508832735
2404,150464.10815603795
2405,154971.60291837036
2406,140458.62352235895
2407,125051.31445346605
2408,139671.98491349965
2409,124012.71488486855
2410,165295.07083226638
2411,118945.4361108297
2412,159706.86438288004
2413,129057.2271976713
2414,148060.331401871
2415,133540.60211133436
2416,126860.30914442585
2417,131518.85153335848
2418,130750.37908862896
2419,122997.67235887566
2420,124131.00584013895
2421,146273.13923259825
2422,108203.36625593978
2423,116929.26268571046
2424,148959.99680692298
2425,204767.7619664563
2426,131544.62953960404
2427,132929.80466883036
2428,172390.2278719302
2429,113602.96101120194
2430,130270.2005083797
2431,108058.94436735877
2432,145518.29820022598
2433,145597.94765753963
2434,139309.48821198122
2435,150816.84777466438
2436,105497.7239221864
2437,107909.93472730758
2438,128330.00279167178
2439,107867.73637362134
2440,116909.99863919437
2441,92835.02595236436
2442,98194.41484465958
2443,122043.52561709005
2444,126912.29225250223
2445,84075.81984632481
2446,134966.24544150918
2447,177233.45538865184
2448,136049.69706243253
2449,105334.46146408164
2450,146546.9858299648
2451,128923.53133765208
2452,195980.64997012753
2453,88218.12079934072
2454,117804.9618174889
2455,119436.3751532742
2456,132232.31358039836
2457,130811.57132052364
2458,122716.55585939913
2459,111595.64399207948
2460,134467.5720620589
2461,120235.68572619914
2462,138219.12763224047
2463,121501.50151754504
2464,174478.48162894213
2465,140818.00825613318
2466,115683.78974156777
2467,130452.89953651733
2468,79778.55822101374
2469,77126.32727160292
2470,186050.89257763067
2471,208939.11665500255
2472,161615.36381491035
2473,115717.50242868793
2474,76620.96248411687
2475,208735.9509153238
2476,118928.67052818046
2477,129129.889568377
2478,149183.51468741384
2479,102466.67157347972
2480,148965.77382259772
2481,121840.37324166411
2482,129637.64817949341
2483,113409.2549585667
2484,120141.26608237873
2485,125371.94672373819
2486,152929.620690884
2487,166611.8259038664
2488,158231.3232166958
2489,146525.6281599207
2490,144772.44656691793
2491,90424.0975925696
2492,189164.29234039967
2493,148121.90458379505
2494,146516.33216498586
2495,89167.43213142922
2496,235877.45290155686
2497,144555.08036247242
2498,110247.83047564676
2499,89385.93537730938
2500,130479.01297955369
2501,136500.39039470977
2502,147599.0927572164
2503,94309.28008533244
2504,164959.21852542475
2505,231398.9882135882
2506,251412.7978197354
2507,278954.0205502307
2508,249884.89941015412
2509,216601.7704962476
2510,219569.4858049167
2511,176282.26799755395
2512,206938.50924402248
2513,223698.59787463615
2514,257635.83220177612
2515,147958.75983489363
2516,166382.2969167277
2517,141967.56658032024
2518,150544.71252105566
2519,228076.76916238462
2520,217235.19270043814
2521,187512.46096405433
2522,220013.62696560568
2523,121048.90964460024
2524,133254.89006646225
2525,144654.39061499055
2526,133931.80040930313
2527,113921.27039546678
2528,132610.53623818685
2529,136407.38998547939
2530,118516.33639008128
2531,258073.75376889014
2532,221443.15479848508
2533,193279.01342606312
2534,229647.64782994214
2535,300498.237368398
2536,237354.05309300826
2537,238004.0647677916
2538,179131.20345623474
2539,186842.12997300172
2540,177702.5781838224
2541,179922.69757890832
2542,167632.93461948266
2543,126255.15754849631
2544,120635.23471484536
2545,131901.97988575298
2546,126202.00290769043
2547,134878.95230110077
2548,149923.53480131258
2549,159551.31012514356
2550,316397.4927957229
2551,136620.42699515578
2552,126206.848387274
2553,73751.02526452966
2554,101732.16576894163
2555,114674.6270314773
2556,101848.89263917768
2557,108414.35371947063
2558,138798.33141695033
2559,137247.01763286593
2560,144174.57175502004
2561,136546.21200847265
2562,136238.87720266322
2563,150966.0590427733
2564,205426.5013144346
2565,136092.3298403232
2566,165145.3229961266
2567,138936.60264942533
2568,200855.88017459153
2569,215297.11022023295
2570,112891.42096613662
2571,188481.86699351316
2572,147340.13104020618
2573,218484.68676618906
2574,262897.76353233214
2575,130904.39146356481
2576,115589.8327826671
2577,150333.0113864947
2578,80236.90742688758
2579,60267.97680314846
2580,93812.17555798456
2581,97597.22533001089
2582,93416.95935434486
2583,265499.79305291263
2584,165828.1063966208
2585,192583.94364678717
2586,225296.32924218493
2587,195318.84097092992
2588,139991.57080893026
2589,148734.40777565862
2590,207686.742009859
2591,216968.8814908637
2592,209801.7972512329
2593,248975.87231417364
2594,171373.40971740836
2595,194684.12234374165
2596,293252.74029626313
2597,191430.7034708359
2598,292400.584550499
2599,314828.53156770073
2600,154309.72655030235
2601,151785.76008552848
2602,80432.58344651046
2603,92208.57153263838
2604,86903.54469911623
2605,75395.64920610297
2606,150595.8816592492
2607,194540.96360550504
2608,192525.84878677956
2609,169996.3235166087
2610,105729.48623621558
2611,120032.65236394892
2612,154950.89129552853
2613,134257.5970534323
2614,128165.50260390517
2615,153896.62527421414
2616,140487.04822179824
2617,181732.03543092735
2618,202156.93133629535
2619,196642.9688026714
2620,183322.7982724827
2621,173367.96163967345
2622,180916.6314694415
2623,234945.17544360828
2624,308729.0025273945
2625,292626.5785593805
2626,173098.22251195592
2627,161954.1617556213
2628,495082.29466243717
2629,495790.2653176154
2630,356451.91367131204
2631,459788.72470623575
2632,419788.36687383027
2633,303110.7843280577
2634,439869.6904173096
2635,159214.03591128704
2636,173760.15297384028
2637,183941.42860697865
2638,255627.40814787758
2639,188938.71970226133
2640,150497.42483059253
2641,102110.29662256254
2642,188499.8563214787
2643,96997.00162332848
2644,121948.67088551461
2645,102655.42636831534
2646,92804.84525458676
2647,101832.52028415294
2648,138955.73731927972
2649,150861.82234600637
2650,132740.93226126482
2651,137325.99092573542
2652,397381.4024429114
2653,238888.16780429689
2654,238097.49605281983
2655,415631.7753483712
2656,295491.398075863
2657,345145.48130633804
2658,294155.4588507119
2659,292366.212450565
2660,358248.87183138746
2661,344894.41708300565
2662,361313.5539209153
2663,274945.2627428001
2664,265296.8945468339
2665,321457.79276174295
2666,276855.4067520217
2667,163789.27375143467
2668,175894.43025250582
2669,177188.590675417
2670,263950.93745378224
2671,181995.90266997172
2672,191127.0085315436
2673,201756.9292663688
2674,196813.2437211994
2675,171757.808764029
2676,186622.12887286706
2677,192043.73600538913
2678,249259.39659565443
2679,271834.7786027697
2680,271324.5022087155
2681,412955.56033795717
2682,316939.6226307635
2683,523197.263758262
2684,320555.87008223415
2685,328388.7559012871
2686,242766.4577820152
2687,317552.5123681176
2688,205917.75360562556
2689,197987.94037552463
2690,427794.09949867934
2691,186783.2677196999
2692,130643.02069517362
2693,190312.5691202939
2694,127196.54158661101
2695,192065.90851218413
2696,181112.3350369847
2697,183851.96003528766
2698,189139.17702566582
2699,177324.22720874485
2700,155345.58817380134
2701,144413.96783882208
2702,107259.5895409472
2703,117838.82009039748
2704,138528.41559693852
2705,118550.96224532656
2706,111984.24414057781
2707,122062.53607980916
2708,130460.11708525769
2709,104216.31631990326
2710,127710.21614244724
2711,289177.0503041677
2712,393688.32009034295
2713,171064.98108130103
2714,149048.45759686825
2715,167111.17832220672
2716,138454.6949573826
2717,181766.97422258568
2718,218537.49696442785
2719,155555.31133286245
2720,166891.32560249994
2721,132231.98361583345
2722,161755.42781179424
2723,142477.53816715296
2724,129046.34311809538
2725,132174.76671964157
2726,148997.49632352495
2727,175988.96566983452
2728,176457.586020409
2729,149836.67205240208
2730,144412.92108404855
2731,130336.69322767777
2732,132584.6521946176
2733,158934.46094580545
2734,146177.14594444341
2735,138541.22582625793
2736,141117.62450292602
2737,124773.48964101245
2738,134181.93743129782
2739,159999.6787404405
2740,131540.56249977124
2741,146005.6276838664
2742,147353.13866388504
2743,148780.70506870397
2744,158778.49095709555
2745,138524.0441657117
2746,136136.1521206832
2747,142852.67608109777
2748,117964.01876085003
2749,127773.02880361892
2750,131269.64075451833
2751,135296.2477994461
2752,184819.59596495554
2753,144678.71006771826
2754,230442.44685717535
2755,131286.53799404032
2756,91756.38088650857
2757,67794.75476750011
2758,75256.89603162126
2759,165568.7785493899
2760,130610.99056484888
2761,141253.44158644235
2762,144744.17297143737
2763,180340.41813113
2764,135474.34066935716
2765,280366.18499388214
2766,125152.80380192192
2767,86070.6749307596
2768,130883.70297772101
2769,131564.6200730271
2770,133438.0051414743
2771,108101.09735027225
2772,110589.44272043939
2773,163846.36993266147
2774,138862.42293366263
2775,117404.31439050188
2776,137396.41477091832
2777,140434.8250488967
2778,96415.73332378006
2779,121934.70595625156
2780,92674.696153885
2781,98350.3183007302
2782,91006.1471882897
2783,98530.7052717203
2784,123042.7671455528
2785,137015.1816346561
2786,67958.18746140924
2787,121195.97950069654
2788,74154.55300263113
2789,167332.67296098676
2790,93542.70586725327
2791,113509.99586642481
2792,51958.440353090155
2793,150770.83858842135
2794,95694.29671286089
2795,121209.09749571668
2796,98326.93313808655
2797,186517.0654856844
2798,111919.08065914373
2799,116801.89788707806
2800,65147.00690827
2801,105950.93894233617
2802,131414.3152138386
2803,160864.7294060988
2804,127897.59295917334
2805,98603.95470800901
2806,83867.20643098133
2807,155046.27571635984
2808,145896.03740152132
2809,132036.8562217897
2810,130628.76248609793
2811,157172.93208498874
2812,159108.4024936003
2813,157583.7176644554
2814,159582.1113517566
2815,101130.87692040093
2816,234246.53292991212
2817,149806.35720770736
2818,128127.46068474169
2819,168776.47967498822
2820,138538.90446117768
2821,109819.8745052117
2822,191967.20175496096
2823,313083.71569573646
2824,181059.66313649292
2825,150735.39229289952
2826,125812.5703365002
2827,131696.40291403362
2828,217605.77574723883
2829,202594.00707504785
2830,215058.8681282742
2831,176063.58187861746
2832,251695.44490149885
2833,300041.77873672143
2834,213117.70036251988
2835,221413.12980763934
2836,193741.94724960512
2837,147859.72436790462
2838,151834.09210542066
2839,174043.80543263463
2840,200446.73586037746
2841,204552.6365853083
2842,230429.6666482019
2843,147670.74927447498
2844,155178.10280631538
2845,121397.47079224917
2846,206781.2960134314
2847,205171.09352554384
2848,206927.09662315814
2849,193935.3861059462
2850,281740.5337694377
2851,214711.6080881295
2852,233496.89491150362
2853,236920.11939955852
2854,138177.34319595163
2855,199648.91825403797
2856,195852.69601310417
2857,184052.8611371009
2858,194551.74074566987
2859,118939.0004041448
2860,125032.7424278495
2861,120683.39770563244
2862,190048.22010207575
2863,121859.48524405339
2864,239616.62949723031
2865,136722.8193758006
2866,134783.74001094696
2867,93048.63717369027
2868,92601.4870697627
2869,109095.35048198867
2870,121152.34397065986
2871,83795.79008233732
2872,48737.31334057725
2873,99442.83113191313
2874,139837.14768720526
2875,117161.87955929326
2876,162839.9080687744
2877,138811.14632141124
2878,164841.24843595517
2879,140253.96965463975
2880,101089.80581159201
2881,148586.3216328592
2882,173451.62297130292
2883,194616.1883389127
2884,193248.16105532093
2885,185764.1102501431
2886,232570.22641498985
2887,96877.62002894822
2888,133626.81476065947
2889,56534.01770580656
2890,80204.83959991872
2891,135033.81129860724
2892,44524.90796053733
2893,68048.43569348918
2894,51172.687425629694
2895,318230.8727402264
2896,276916.20016800065
2897,197778.4192200137
2898,143724.93174717366
2899,209231.5625021801
2900,152256.2348091347
2901,197303.3984167252
2902,184816.88521823613
2903,336476.6318203867
2904,356514.34053809155
2905,79925.38645093849
2906,202811.67024295658
2907,106422.65843066061
2908,134617.91011706402
2909,142652.34199114103
2910,78369.42719893229
2911,78532.43229884656
2912,142024.29135441824
2913,82980.75279190326
2914,76497.62580820029
2915,80902.15548893287
2916,81382.36830924272
2917,164598.46543044804
2918,117424.29167625948
2919,221381.80756740546
