Id,SalePrice
1461,119045.04096412288
1462,153242.82152880513
1463,182932.04287492466
1464,199244.9018602126
1465,193038.50312607875
1466,169950.5349253443
1467,178084.3080048311
1468,158995.72951963273
1469,196521.11307515213
1470,117852.7558813087
1471,189226.11053986376
1472,98762.29354716049
1473,94805.85720498952
1474,143824.1428932074
1475,110223.41516047994
1476,359559.87757813523
1477,243355.12046922822
1478,286274.6475881264
1479,282687.62200442015
1480,491614.8113190859
1481,324851.4660041423
1482,206498.69954677805
1483,178198.4377793235
1484,160136.53145768307
1485,184494.26299712656
1486,193145.5246721251
1487,321338.59210180014
1488,233801.8227125579
1489,190090.4036146795
1490,237756.95395012156
1491,192163.83199651827
1492,92398.06903308097
1493,178359.46145895869
1494,283989.9159250582
1495,282320.193967911
1496,229164.54990591423
1497,180275.5495938103
1498,166869.45859400733
1499,161117.79044274532
1500,153305.81305333713
1501,177657.53017519665
1502,144475.34558123106
1503,293653.6189718185
1504,241331.1711478164
1505,224574.2546494975
1506,189043.69397805614
1507,253013.93120054388
1508,202524.46004149967
1509,157902.35735723627
1510,143088.7966553669
1511,153061.1354640455
1512,175541.16638665096
1513,146874.24445497722
1514,153461.4678518934
1515,195616.65650532683
1516,153368.1331135367
1517,175007.02874599153
1518,130632.53553734436
1519,212100.48949217415
1520,125935.39466293981
1521,130540.7904170549
1522,176792.33988969456
1523,111115.20137617349
1524,123900.69777880533
1525,120175.71813836771
1526,110558.95684749592
1527,105125.21831658701
1528,139591.2413952603
1529,149779.62399275874
1530,190108.13984825058
1531,105707.46712822461
1532,96697.75143856644
1533,147036.36277568847
1534,126672.95591889613
1535,150806.87347317822
1536,107445.57421443198
1537,57827.43097006503
1538,145492.5654572719
1539,185473.0426358339
1540,92220.54641788363
1541,135802.24799963454
1542,144099.6595875446
1543,186767.2617767932
1544,87810.74856458581
1545,114343.03296215177
1546,129303.28301731416
1547,129229.01101427083
1548,138205.71278787713
1549,117464.79441812781
1550,129219.73713030493
1551,109070.17163044053
1552,134375.60570068806
1553,144495.35207277964
1554,116544.46348184273
1555,157790.5083015642
1556,82426.7293923538
1557,106084.6303851785
1558,101432.38547472876
1559,57851.97400166616
1560,130197.93923310933
1561,119976.25283150689
1562,127916.27692808573
1563,119593.6346224996
1564,156242.34884911377
1565,144618.71982314813
1566,238681.49267256155
1567,76717.01940817415
1568,232834.68801075852
1569,128521.61976921318
1570,134985.1751545727
1571,120268.79603353023
1572,145027.25231936105
1573,238609.78208771884
1574,119134.26978355738
1575,235380.6680008605
1576,256178.31344087634
1577,176737.203643075
1578,143348.20049527186
1579,143697.69686986523
1580,192689.50685871896
1581,155904.05919912644
1582,121227.03413057668
1583,296006.4542792222
1584,217135.56713309378
1585,135228.2572873731
1586,68893.76936694159
1587,101113.72509929446
1588,156253.00593711075
1589,97436.30592852551
1590,134349.80398404656
1591,92319.81135821868
1592,117484.30442344828
1593,122569.7541297084
1594,132757.11726335515
1595,100748.47408353939
1596,223661.8917770652
1597,194634.4155203156
1598,225014.23597138037
1599,166081.47499379833
1600,155777.51746513895
1601,68354.97778103716
1602,113364.14915880979
1603,73020.14800422256
1604,260834.05814116297
1605,242248.0506076425
1606,165830.14364730415
1607,178435.1330921386
1608,212027.13829124125
1609,179229.44238555728
1610,145276.64013152625
1611,136147.9388825029
1612,169458.56804301488
1613,164882.86700092402
1614,129204.45404673654
1615,93366.77843244516
1616,78474.23901347109
1617,94740.89709425179
1618,124843.2724952183
1619,136325.36739639667
1620,147285.23051302825
1621,134495.59789607313
1622,139907.89764020717
1623,260355.98454405303
1624,214799.5135497356
1625,117470.99210688598
1626,168737.48521825226
1627,193301.76134272324
1628,286786.6334185005
1629,173240.32929105722
1630,347273.0351639444
1631,219719.49155303396
1632,239356.53928985208
1633,168071.2322789382
1634,183928.72511628878
1635,171108.48991980017
1636,149336.51967428366
1637,205349.19819191756
1638,179214.87989978492
1639,187603.17108667208
1640,254636.1869847525
1641,179368.79611951907
1642,236662.7242609877
1643,213694.43567122094
1644,234015.09367372925
1645,198809.27116014448
1646,155780.50630266167
1647,156526.6974895673
1648,129713.85453040089
1649,139490.6216478026
1650,110844.68646327505
1651,120588.5528055511
1652,98224.33838027077
1653,100649.40287382336
1654,141267.10019014828
1655,130227.40716422521
1656,135777.24975255464
1657,142420.83634538963
1658,140615.14243802903
1659,116487.285341458
1660,151818.19775342298
1661,436841.411398231
1662,404080.5597676812
1663,370414.5371466592
1664,511069.38743578165
1665,301577.4297394063
1666,323078.01170661894
1667,387976.48668213404
1668,336896.6622468252
1669,299989.5173251237
1670,332669.3902271165
1671,258693.39687444147
1672,420049.448651083
1673,286169.887449394
1674,236179.7871000456
1675,193592.98934409957
1676,190909.90914763382
1677,216131.09024157
1678,470116.40516100766
1679,387390.48755364586
1680,320791.45696411334
1681,239574.91043898475
1682,313319.525675694
1683,182012.98603938683
1684,172811.37422075446
1685,169281.24093041537
1686,166247.93006570125
1687,167850.12119887513
1688,187478.92108389043
1689,192713.42102842155
1690,194275.91242870816
1691,181826.8675425745
1692,261349.74430311358
1693,163888.18595946816
1694,179731.2239712151
1695,161221.01145939247
1696,272202.97323684266
1697,167777.98761043994
1698,336972.659216327
1699,292222.04470399464
1700,247346.86253040805
1701,267487.19916994
1702,238852.47575184188
1703,235839.44159022835
1704,275243.8914014012
1705,232619.2606941207
1706,432759.7472744494
1707,208385.66377029798
1708,197271.22087149814
1709,263431.8862803019
1710,218085.72505093864
1711,270459.6558922595
1712,253113.51079086488
1713,277823.6212171082
1714,222840.96886819357
1715,202413.83669552373
1716,184749.56558726134
1717,174070.7250574169
1718,136804.64780323097
1719,209973.7371184664
1720,236839.84598273542
1721,162368.12236654485
1722,125533.37123500094
1723,153267.22368771996
1724,202913.12625563866
1725,233752.63640154648
1726,186232.9730964396
1727,153180.09872977974
1728,170700.07450156624
1729,161414.5056976111
1730,158069.71968065546
1731,117051.49696112816
1732,126050.5025687142
1733,112157.97116109767
1734,120150.16810788093
1735,124378.46974505592
1736,106011.42038281036
1737,307393.7722951751
1738,244836.05350670282
1739,252736.8415955736
1740,218757.16656244354
1741,191698.37374806247
1742,170906.1304107016
1743,175867.35590941837
1744,334228.78755399026
1745,218208.2631845156
1746,183875.84859748036
1747,211654.22451712907
1748,224774.07090047337
1749,138884.3626965942
1750,124366.37892445523
1751,256213.13492150078
1752,115749.69460579903
1753,152603.80688914488
1754,194151.55062805643
1755,165506.4030474051
1756,125166.19929078828
1757,119546.0134141609
1758,142554.50103625128
1759,156366.65227745642
1760,162408.42670202913
1761,148330.49564231688
1762,176953.94841070488
1763,184448.68540636523
1764,111858.08154151168
1765,172642.293467326
1766,192816.22784450377
1767,228037.9831374129
1768,140618.09276851467
1769,171521.35505345478
1770,152210.24726764148
1771,122601.33080946653
1772,131353.46656002125
1773,122859.84636584995
1774,145530.0318889878
1775,138924.44691093278
1776,122827.71352536407
1777,108781.62154726214
1778,140725.91847058522
1779,118112.92509633006
1780,177724.6124041968
1781,126145.88817228212
1782,87555.12518330402
1783,139279.27662212175
1784,106084.18834734429
1785,127580.73829432472
1786,132858.81104416057
1787,160339.4155721018
1788,62519.26359299658
1789,97830.41407831054
1790,81151.99524571245
1791,188933.56415520728
1792,163484.8424278689
1793,127361.40386562649
1794,152993.85868071532
1795,135382.62339433012
1796,120911.30954491932
1797,111189.11726428155
1798,120785.48090910437
1799,109419.14948201462
1800,125808.74144190986
1801,128600.64147296213
1802,131409.64947791226
1803,147572.2190146056
1804,136167.28684799475
1805,135120.11085278227
1806,127567.79707425642
1807,131536.4598506873
1808,118607.51908494082
1809,120181.57139710888
1810,133327.59289300785
1811,92436.18107879901
1812,97656.2061528294
1813,122106.92756623385
1814,96613.58906545644
1815,57004.523672615906
1816,101529.80251064395
1817,101910.18247772289
1818,146324.19983213028
1819,124363.3332675525
1820,53618.400726608525
1821,115513.0680701794
1822,150743.48788920502
1823,43272.50285520914
1824,128062.90094102522
1825,134270.62054932845
1826,101711.49125431203
1827,101970.56651547481
1828,134621.0764068295
1829,129860.25293669554
1830,140642.51078737737
1831,141207.47583266703
1832,67060.71207041129
1833,137150.53092935472
1834,115746.21196201707
1835,119375.9192842846
1836,126868.89660368722
1837,86808.17156187749
1838,126447.23875736252
1839,100226.401051924
1840,138799.1812963145
1841,137585.41353928746
1842,89229.29689127197
1843,127332.3458237165
1844,134473.720001704
1845,139946.24684101573
1846,154810.8779207673
1847,164008.22407227688
1848,50869.23056867963
1849,113009.39507379373
1850,115889.04905561254
1851,153971.80466825425
1852,123471.73068277728
1853,124273.36702519699
1854,166575.39525523395
1855,142755.94376983048
1856,227428.08956367936
1857,143999.70488704945
1858,138103.6279523855
1859,116618.82340192722
1860,140372.1202646345
1861,116098.25788035653
1862,328149.40480076836
1863,306394.4597655557
1864,306492.30990523926
1865,347347.07574500557
1866,334571.4364549414
1867,222964.9790503772
1868,290006.1033031317
1869,199828.68925495193
1870,222540.66417391045
1871,252240.43616560145
1872,169625.6889649792
1873,241204.5553632264
1874,153854.14098806775
1875,199943.69734084327
1876,199557.35469877883
1877,209139.4395914089
1878,202607.6313975966
1879,126751.56865328804
1880,129658.64291503938
1881,246560.86967614153
1882,244759.45794203744
1883,185152.8290125046
1884,204177.90912937457
1885,240161.1606485129
1886,285766.3679972304
1887,212955.23373526335
1888,268664.69523542316
1889,166835.67282040598
1890,117844.47234597878
1891,128455.8730388435
1892,96031.19719614637
1893,129192.78876581138
1894,122958.88952062714
1895,132687.82994646457
1896,125100.12535802108
1897,113436.37697820293
1898,112788.05585427968
1899,159719.78435625252
1900,151089.4517772231
1901,167528.5677879551
1902,159165.31684394984
1903,212358.30714743864
1904,140328.00243102584
1905,200850.5601764487
1906,159083.9968819559
1907,217321.81861177238
1908,108023.47474261197
1909,128277.62308352615
1910,117897.10342452755
1911,219508.64581614098
1912,343652.4690346697
1913,139760.0463444938
1914,61479.47055319129
1915,303300.0493982268
1916,68174.52539455298
1917,244369.56783657774
1918,141365.0681540599
1919,180647.81079453896
1920,159201.27443562544
1921,376990.66746079404
1922,314168.21570971666
1923,233942.50173397156
1924,227958.59331702144
1925,194126.44480737395
1926,374521.8784113679
1927,131499.4404158018
1928,153858.10155858495
1929,125857.79363494615
1930,124013.24245178269
1931,138615.59893319305
1932,137019.92455367598
1933,182499.40667013236
1934,181087.87735134576
1935,166154.12213851957
1936,196039.4218686272
1937,182863.80519851373
1938,169291.03757235975
1939,234926.07515110332
1940,188577.7159916237
1941,167803.80631197494
1942,181449.37792216675
1943,211531.07745648094
1944,363560.8277506072
1945,387250.10345444083
1946,129310.47866362442
1947,309393.55863660906
1948,170651.05401510085
1949,246162.7724034164
1950,186275.56472583054
1951,239605.7053522719
1952,207095.25696602935
1953,166152.5612496672
1954,180486.90990793562
1955,133204.95366911692
1956,322294.4164681039
1957,151135.00926738235
1958,302084.6935354974
1959,143483.9278386723
1960,114546.62126068507
1961,115121.4666632053
1962,97844.02828426237
1963,107771.6836567217
1964,105169.79576559551
1965,138878.30499627365
1966,133938.50146706332
1967,287686.56822771166
1968,422264.38092166133
1969,380522.29923681845
1970,411268.03592941095
1971,485739.85172238573
1972,369933.720478204
1973,260490.06288349646
1974,332143.2545243012
1975,555353.7624960013
1976,266900.3645779172
1977,357737.2051180296
1978,346958.46090387873
1979,320621.7199058166
1980,203256.55881402516
1981,343015.35667268897
1982,210862.3678975171
1983,196965.70742897643
1984,167871.07320244546
1985,226488.74435512998
1986,206009.6368109801
1987,181234.1181100553
1988,171388.3002164087
1989,190792.5934041555
1990,204404.3038113917
1991,229195.94100680837
1992,217624.25715301302
1993,164629.72548689006
1994,234334.5863469562
1995,182617.5176396421
1996,247170.3592010144
1997,306628.5599650147
1998,302131.102121168
1999,263363.5210855534
2000,311999.69247890415
2001,265825.2310809155
2002,233454.78545084945
2003,253779.90861746465
2004,283014.9479024006
2005,219738.28155234212
2006,218517.33188044524
2007,248256.3119816857
2008,213360.8571024374
2009,194188.1217282533
2010,192551.41932881766
2011,140211.88645609238
2012,169043.75081434072
2013,173216.4688490419
2014,183008.46852941407
2015,200841.8732995935
2016,187794.11960045836
2017,191091.20845615963
2018,113529.76953539085
2019,131818.53516517434
2020,104499.3649237988
2021,96818.36594454675
2022,183474.6844810239
2023,141401.59030337812
2024,270024.0885205146
2025,345274.5118466272
2026,174088.90859916154
2027,157483.96948587248
2028,149259.81102020098
2029,165359.40604340253
2030,266432.34627243853
2031,232889.06475989742
2032,249668.03691938042
2033,252640.88736405715
2034,169756.9967537741
2035,222345.5993811814
2036,201682.22311016324
2037,212840.41678954012
2038,336036.7231298389
2039,225605.10175756578
2040,284625.76606022153
2041,304740.2466018724
2042,206728.10094265433
2043,178908.8665302631
2044,173802.93465629013
2045,208884.1934119733
2046,150439.15863331582
2047,143510.0986649852
2048,138182.07080323802
2049,145708.4545506461
2050,172398.58161463166
2051,102712.2445183958
2052,119703.47564337507
2053,148931.4276750896
2054,92158.01393525876
2055,152902.43984077196
2056,142707.23092447288
2057,108770.72621485224
2058,217348.5688767101
2059,127960.06984710158
2060,176772.10336149816
2061,175485.2338189032
2062,126519.09491579165
2063,115359.46891768438
2064,135124.19125941096
2065,115295.57807875029
2066,157949.1317847488
2067,114965.3978402799
2068,148929.7247764413
2069,87956.6087461132
2070,116177.21899568872
2071,97511.55984571179
2072,137714.69439338535
2073,127710.93267098349
2074,184818.7024010482
2075,149264.58680248773
2076,112672.58805389625
2077,156645.63005836852
2078,122784.17766574684
2079,130189.38799968179
2080,118139.91917364653
2081,125027.93313788105
2082,117700.28992627065
2083,145028.6022471265
2084,106925.02742220064
2085,114955.47182638994
2086,108727.7025060587
2087,122414.20356417938
2088,96229.90743450339
2089,78940.73795118001
2090,121340.65159965878
2091,106836.40060215145
2092,119787.55578453888
2093,115291.08622552356
2094,107839.63583236714
2095,144997.17184538927
2096,83407.4627098485
2097,97374.19267920044
2098,146800.16258914498
2099,54979.46214429042
2100,66365.45216301334
2101,109468.10996756246
2102,125110.23071016457
2103,101582.04780091152
2104,140092.45153370753
2105,125370.29980758594
2106,59634.682581527406
2107,185516.54043634955
2108,115683.27376632471
2109,110658.78934276546
2110,129583.15407784643
2111,135804.41583655108
2112,134500.26867379688
2113,118844.91515092718
2114,120324.96292468351
2115,162391.89614510824
2116,114826.89649820197
2117,144786.4819631495
2118,121784.90749869749
2119,117296.49600137761
2120,110741.97540201015
2121,90174.84554500808
2122,119275.33648916561
2123,82058.71647774048
2124,151262.70802280193
2125,122907.45261969503
2126,143646.93586780503
2127,164914.2589939132
2128,124936.86978288557
2129,90145.53355183364
2130,133608.65204045677
2131,135588.62550729225
2132,111189.53674351118
2133,122671.89705618622
2134,117951.58432976624
2135,92873.09935646385
2136,74780.39060313486
2137,105664.4747336766
2138,129759.43586194304
2139,147041.11303098468
2140,139020.3017544769
2141,157067.12328586602
2142,125017.92256229681
2143,144875.90818170726
2144,124762.59421882684
2145,138321.05792767796
2146,172973.97277277667
2147,132769.42608015388
2148,130901.4839892884
2149,149341.55430738055
2150,227334.05244850874
2151,115570.46541172832
2152,180372.34512588143
2153,162492.85722192604
2154,103956.81006429081
2155,143230.74344412735
2156,259811.89243955904
2157,230162.84542171826
2158,237764.65685379106
2159,210269.50346896885
2160,179412.61736618428
2161,233895.44043244142
2162,399247.10800019494
2163,343972.3695364132
2164,247533.15125527955
2165,198447.35714720754
2166,158403.74030749983
2167,218884.3580743576
2168,192905.70313231245
2169,192343.99033398108
2170,211963.4683957564
2171,155233.4342321861
2172,128078.77602548005
2173,167766.96577956967
2174,223909.41552037225
2175,294950.7020129982
2176,309110.61574994726
2177,235089.76549802258
2178,209396.70652330498
2179,135487.93686771503
2180,211855.80428640824
2181,192489.73888946575
2182,226856.4779287108
2183,187055.15475831938
2184,119773.02651490708
2185,123593.78006334521
2186,147516.61301959943
2187,150947.07994587577
2188,152225.50273856308
2189,312354.71270814544
2190,78189.50329561123
2191,79323.94386642864
2192,86414.85117985819
2193,110918.85881872413
2194,101359.70409725464
2195,104872.42473577007
2196,98621.41391600195
2197,121554.52316927895
2198,157977.39227193294
2199,173080.01661284608
2200,146292.63126814013
2201,142696.12778007248
2202,210784.6215975032
2203,128181.63254062612
2204,175466.86806218987
2205,119778.82655688524
2206,137119.58718343018
2207,210860.17128215297
2208,266845.4078197972
2209,249909.4607016701
2210,117384.34604071586
2211,116512.43806141349
2212,120395.45970190749
2213,102708.75689231158
2214,132122.67278505763
2215,98561.94963496573
2216,145908.10388252605
2217,64436.58316258975
2218,71428.9557202901
2219,68298.77122165609
2220,67088.27929321655
2221,304138.080350335
2222,277183.03664631443
2223,289286.21543334465
2224,208053.18795857512
2225,121049.04816327424
2226,186410.85392891234
2227,190207.64455220956
2228,263268.492956997
2229,255199.57258937918
2230,146170.54865889216
2231,210193.2952927221
2232,176606.50625877784
2233,177111.57625898081
2234,236174.43791171734
2235,217726.52329197957
2236,259133.2275128816
2237,315470.2516875583
2238,197896.90663233338
2239,110763.86359719542
2240,153072.31400998947
2241,155791.49064271833
2242,123008.33420005279
2243,129528.04499403718
2244,104517.4374722178
2245,101835.21807598378
2246,139283.71153478182
2247,115427.54821105422
2248,120271.70240658445
2249,116523.29274474682
2250,125898.68540822179
2251,94872.1262698667
2252,183515.03035605114
2253,148435.24615631552
2254,174493.99347963286
2255,182455.55036439496
2256,170030.62560798126
2257,209629.91569000517
2258,155044.19417612808
2259,173951.95832494381
2260,153498.68372320838
2261,188323.7534046787
2262,210108.64514707678
2263,376387.7658925208
2264,505674.2269277009
2265,178169.03584249265
2266,301484.41837331984
2267,375872.9749185265
2268,423997.4288511783
2269,148535.6511072125
2270,194408.24651663293
2271,212848.45050273428
2272,191717.44431675857
2273,159607.154124657
2274,180935.95446433913
2275,156493.1420156298
2276,187830.72847392
2277,183222.04425072344
2278,146044.86471859695
2279,125006.3581077272
2280,118700.29686103447
2281,163957.73759069
2282,186183.58272654534
2283,109618.08303404578
2284,113254.66542012896
2285,138829.68729286882
2286,122470.07842425433
2287,368720.0121324439
2288,270134.5676784127
2289,366906.1615710916
2290,459729.63591891126
2291,327230.33881981904
2292,443068.8226221269
2293,475205.9666208522
2294,398110.1495760762
2295,485642.65859962197
2296,288906.90039065975
2297,343825.3962997095
2298,338613.0573953705
2299,350179.46173745923
2300,334262.7693287455
2301,308247.2690589052
2302,243422.51675165156
2303,236016.15453779488
2304,248257.61005206977
2305,194845.56698616996
2306,188089.7338423747
2307,195641.69252601973
2308,221516.81951775105
2309,276761.691472603
2310,204404.9965026452
2311,201019.7465056896
2312,172395.52488321735
2313,168120.40121413016
2314,173105.93392945107
2315,177951.45204862425
2316,198181.58872697598
2317,187284.80571473856
2318,178407.30140019697
2319,182194.95073964112
2320,186949.13900697735
2321,235849.5396850656
2322,178026.87497933363
2323,192502.96456203563
2324,175970.66159382247
2325,213512.91127934225
2326,171397.1659757625
2327,198424.38203207054
2328,220538.58637852533
2329,191546.28992075022
2330,181978.5594223969
2331,331951.92374304956
2332,391180.2488574357
2333,314505.3664504505
2334,246006.5895846932
2335,270844.7713422099
2336,300837.22772082646
2337,197926.21876578205
2338,262254.1632495896
2339,213302.9630552088
2340,401469.6996173911
2341,216307.4082608027
2342,229969.15666603963
2343,221537.33090882568
2344,216280.73613035592
2345,231001.5005285008
2346,212105.78195552938
2347,197569.4316665364
2348,241685.36338961084
2349,177237.3999713013
2350,314756.31738336815
2351,257364.31991588633
2352,251642.981090925
2353,243033.95529221446
2354,141850.05067631375
2355,145198.20909144735
2356,149219.6262523089
2357,184019.98731066982
2358,196005.52846064113
2359,134040.31467694414
2360,112461.31520797392
2361,145021.7340733664
2362,274364.38115629536
2363,135230.859512233
2364,153593.02440089622
2365,215425.6900990506
2366,190851.40072438697
2367,220916.4143418287
2368,216133.99676367998
2369,216851.88505228134
2370,164564.3749787782
2371,161508.60058225718
2372,191841.98994770294
2373,282595.48248194664
2374,315300.17875588796
2375,249974.97997808293
2376,288331.10254190466
2377,344264.9153545825
2378,144314.98357862147
2379,204899.11902036745
2380,149596.34650088308
2381,172807.2410920551
2382,201841.67152465944
2383,203018.2907245746
2384,248224.04619518534
2385,157256.2849448461
2386,131325.6209883279
2387,132762.09987620427
2388,103415.22515738755
2389,111582.27543545945
2390,141598.03316070864
2391,139655.27845760836
2392,113005.01580949583
2393,166676.50389600275
2394,140862.68476951696
2395,211123.04681552423
2396,139509.96565953264
2397,227025.56360765826
2398,130494.46764953228
2399,66157.07544395223
2400,64475.64888617632
2401,122971.6475143774
2402,135359.27634450336
2403,147069.62459130198
2404,148600.93552471884
2405,156871.893598676
2406,140855.46006715455
2407,125225.47284045888
2408,145940.61105309622
2409,118102.3318308281
2410,165837.04940579226
2411,110207.88355935403
2412,156923.5934777208
2413,127134.77569071896
2414,157463.32957181628
2415,134577.20181465693
2416,124033.78172487671
2417,129212.71810817921
2418,130216.89051141166
2419,125299.93014560998
2420,116648.70710303237
2421,150528.69266812748
2422,105738.18154211152
2423,113232.85750986256
2424,158177.62840428794
2425,200030.99419094832
2426,131064.42652062455
2427,126549.17729114888
2428,178178.5246553675
2429,110032.53216341275
2430,131451.68190486287
2431,103464.99066232578
2432,147006.74680487742
2433,143935.52037694343
2434,136318.66511931838
2435,151910.54752139785
2436,103687.94563083185
2437,100732.97742850317
2438,120278.24950478974
2439,102864.36877662668
2440,121549.38306533174
2441,94479.51605268856
2442,98251.23290288773
2443,125484.19554718773
2444,128552.57521133992
2445,89354.89979612803
2446,136055.55696178685
2447,173044.46243033887
2448,122270.22194679132
2449,108358.29855253141
2450,151238.35431511345
2451,114261.12756744174
2452,190543.8529123318
2453,92704.80631304736
2454,121056.4199572279
2455,119104.33158868596
2456,136321.23439216727
2457,134540.32565954342
2458,125650.56100894479
2459,110089.28170424253
2460,137500.53632946208
2461,124161.18158601696
2462,134742.58219357047
2463,120632.07016655192
2464,173013.13309115716
2465,141350.0113262269
2466,115261.50969350312
2467,124120.32202700552
2468,80281.40861884133
2469,80580.72530907452
2470,193150.70722448095
2471,214417.76765793262
2472,161280.9024841352
2473,114529.35896051978
2474,65535.755088894446
2475,215902.67000734972
2476,114127.32527120248
2477,127065.08281133696
2478,154689.94908029915
2479,101074.28044095349
2480,149930.65109931506
2481,117742.09360597824
2482,124007.07536539703
2483,107285.2240876106
2484,117419.87398441673
2485,121670.77553270484
2486,149133.43947287978
2487,163598.00835442886
2488,161426.06643977502
2489,151185.1426337106
2490,138201.00736553592
2491,92297.41470783408
2492,187635.58875857716
2493,145397.7840830975
2494,145949.27093897166
2495,87633.05791225603
2496,230235.13435523672
2497,156167.66184138675
2498,104107.25125788857
2499,86401.02401696
2500,122043.4352951382
2501,138398.64169520204
2502,148777.4593422799
2503,96753.44093794859
2504,187392.5339055271
2505,223549.91807239794
2506,250803.4761677241
2507,283199.0142107852
2508,251864.42408250834
2509,215939.23156897663
2510,212726.47292680934
2511,171904.65748568295
2512,208398.70265255755
2513,223038.58992192103
2514,247988.96164602498
2515,146878.84615278573
2516,171830.93582412653
2517,148378.32954020286
2518,155824.25656177747
2519,234519.29333483224
2520,215156.6769967871
2521,185629.64525375044
2522,223173.0077089498
2523,116022.3628025351
2524,131180.1455792069
2525,144483.32939451747
2526,134195.68047378457
2527,113463.18703777935
2528,125064.71668560378
2529,132344.35016341548
2530,119515.52182856052
2531,260213.13377228062
2532,225077.22101539356
2533,191754.97138211865
2534,231475.50554325938
2535,298923.1529795305
2536,229840.52981212072
2537,245400.77757512522
2538,179862.9230456189
2539,185236.28166318373
2540,177749.24785318636
2541,175155.57601729344
2542,159586.73309049034
2543,119631.97882104281
2544,119581.67996044985
2545,135251.98953420756
2546,124311.83345341509
2547,134789.17150517055
2548,159799.98794120623
2549,154626.07776591252
2550,988168.5055243378
2551,137012.2048362233
2552,130348.85328748012
2553,73286.32463673523
2554,90685.38448016385
2555,117508.21137530055
2556,98054.79260083794
2557,104290.01500476662
2558,145527.2177952977
2559,141830.0910225059
2560,148979.27853008106
2561,141782.11149575555
2562,137055.77539861845
2563,148066.04457926724
2564,196852.66667704005
2565,135746.77311757763
2566,155187.6224434396
2567,139490.46333312246
2568,199055.6392233492
2569,231842.36769073634
2570,113392.59500003175
2571,192846.78692894313
2572,149987.23799288284
2573,227047.00404582697
2574,300000.44637811196
2575,126196.1558011434
2576,115120.30062334941
2577,144994.4950437919
2578,83915.60818954634
2579,62886.26123369991
2580,88992.60024599292
2581,101410.89589682671
2582,108260.17156054913
2583,289786.12027439615
2584,180205.2218688485
2585,186739.99459406422
2586,229276.30899731672
2587,198728.19066253537
2588,139103.0036946731
2589,147595.13475104983
2590,198728.9413613278
2591,229293.3229020156
2592,210656.02227718898
2593,248975.20507198418
2594,177019.48257248764
2595,196607.51129485297
2596,290746.607828322
2597,180568.26696028476
2598,284054.0693095838
2599,341029.3675631796
2600,173504.60227618102
2601,140366.05240189916
2602,83566.02339756042
2603,92516.46777339157
2604,89866.3992050841
2605,81105.51053992381
2606,141522.81111694596
2607,207474.97940924772
2608,194770.78027629363
2609,169661.0485251828
2610,108084.35861980311
2611,118785.41101220925
2612,161985.0959871036
2613,127772.6347170389
2614,120943.37661205065
2615,150643.2808947152
2616,141764.97646715806
2617,185301.15596175296
2618,210672.64489192894
2619,200709.4457472868
2620,186011.81439194587
2621,171609.8011934685
2622,178423.0297325268
2623,238292.04899430196
2624,306113.9439399306
2625,293829.48748243274
2626,170929.6818477215
2627,158619.36580823336
2628,488870.7503925041
2629,526747.1521609075
2630,372562.37312451133
2631,505462.9917708196
2632,418956.22896352346
2633,303280.517400535
2634,433044.832992822
2635,156618.99323254448
2636,171427.44307354564
2637,179932.83784977507
2638,262783.35366910324
2639,183469.18153340658
2640,147414.46849483403
2641,99307.87274203672
2642,190917.9275883189
2643,104173.25026813918
2644,114385.65395276372
2645,110097.30647767578
2646,95408.37194072083
2647,104946.21429764702
2648,139715.05249020216
2649,152283.68311589354
2650,131599.7744311092
2651,133943.1809743764
2652,408294.15753363323
2653,246069.63812480503
2654,251074.31305153272
2655,400037.69561341585
2656,322296.5753024622
2657,352712.4723152431
2658,303665.86306139466
2659,301467.980878042
2660,356911.35173295875
2661,352066.26802510314
2662,365400.2582103736
2663,286761.4136731874
2664,265398.414789331
2665,326513.0268148061
2666,276873.10568213917
2667,168889.95396996615
2668,176394.7947891669
2669,182928.14906596838
2670,277974.1369021836
2671,184133.2111468251
2672,191342.75671356844
2673,195429.48872357022
2674,190993.18690561256
2675,171687.42418275072
2676,189030.0448146408
2677,199067.4700146978
2678,255335.36293767297
2679,261178.39061040405
2680,276153.6584668621
2681,396883.40706141084
2682,313052.32665725093
2683,519272.7748008434
2684,306680.1668397986
2685,322199.8518416704
2686,245032.03206056455
2687,311298.0132232135
2688,212462.3687883747
2689,205496.29083252774
2690,439578.2571126742
2691,184909.08113733586
2692,141132.53970568068
2693,199856.86600642113
2694,139512.211823837
2695,189108.0009850771
2696,179579.99684492318
2697,185094.12332998676
2698,190552.33136054603
2699,172373.04502149276
2700,152985.63538300045
2701,145030.9152383038
2702,106828.94926853126
2703,127286.80529363651
2704,135600.6620102405
2705,112333.11372772063
2706,108807.97064814424
2707,120997.93850071257
2708,131630.97779203084
2709,102141.40665658301
2710,123535.31628301894
2711,278971.1333571774
2712,380039.9267022035
2713,169563.3941963673
2714,149252.03044054564
2715,168843.074509739
2716,143965.2275133688
2717,195374.43788741608
2718,216109.12360132003
2719,153437.8069110925
2720,170115.05569364264
2721,127962.26864475201
2722,157422.68776914378
2723,136723.974315446
2724,125631.59152925959
2725,127135.80330668313
2726,149861.59214399575
2727,172328.52679213692
2728,177583.6520181193
2729,145191.7766174207
2730,146928.58782868012
2731,130727.11145941853
2732,132218.26574817827
2733,157617.0191751622
2734,140425.31207574316
2735,134443.08046655514
2736,135769.49492559838
2737,119175.27216879759
2738,137591.78123454822
2739,156080.6783773065
2740,135518.2982342796
2741,143210.78473185946
2742,151199.79431560487
2743,157217.6620262896
2744,163521.43944593353
2745,137684.7079245831
2746,138773.30418014814
2747,139043.9463020835
2748,116630.46544617026
2749,125855.1700708485
2750,127614.85893857744
2751,134591.94870290047
2752,194459.25785026947
2753,138079.05695588342
2754,221168.7017206153
2755,134306.0960879138
2756,98887.98268772916
2757,70854.36668105022
2758,89593.77540881967
2759,156596.6695599035
2760,119272.07324028257
2761,140729.7151551318
2762,144461.74897112357
2763,183536.54599703816
2764,144996.57301272318
2765,295408.2070693902
2766,131271.55453537527
2767,84930.47419281356
2768,126912.05971370784
2769,130111.69843309475
2770,135830.02099353104
2771,102546.18429500713
2772,108460.41020687982
2773,161608.32040178974
2774,146889.15987661618
2775,113662.35997468838
2776,138240.47009279142
2777,139827.88291422575
2778,104100.27678987458
2779,121160.61702560697
2780,96991.81253773972
2781,97560.7202547345
2782,96902.14388214717
2783,97430.8395648081
2784,118640.23396184965
2785,133623.42527694599
2786,68708.87198910746
2787,124286.19987008734
2788,75382.94568829749
2789,168014.75073920403
2790,91955.64106547445
2791,106359.04894743915
2792,57524.308995814295
2793,155144.23357305475
2794,95170.95612084269
2795,118874.1807409594
2796,98788.2001816141
2797,212226.26424347053
2798,102657.67856548178
2799,110714.82681461785
2800,66568.66994101311
2801,108190.08973324054
2802,124831.98536904505
2803,172362.49896623497
2804,127852.70427236955
2805,99311.69148891106
2806,81864.313056552
2807,161734.18633035582
2808,142565.03733326425
2809,128750.28130343002
2810,122006.60144387091
2811,155519.3543583609
2812,166504.82871879288
2813,155290.24756643537
2814,155338.1679282548
2815,97774.60695807477
2816,227084.63786468195
2817,147145.15364052265
2818,130468.29416485838
2819,166380.81576372302
2820,135159.30757642238
2821,102088.65133425489
2822,191817.67778644097
2823,345298.4327992065
2824,178472.17634025434
2825,145058.98709035057
2826,133594.82088316284
2827,138161.72638793357
2828,221983.7098397244
2829,217072.148456049
2830,231892.0857808252
2831,167759.60605987327
2832,246761.51618342893
2833,305661.0231133663
2834,223688.53777629836
2835,220294.14163833126
2836,187302.55003749215
2837,153538.79414135645
2838,149952.61768488158
2839,169375.58684759968
2840,203167.02363044638
2841,201312.7990434825
2842,232480.84151807224
2843,147686.00226189857
2844,171979.08851294577
2845,125314.75553666947
2846,205367.6075511627
2847,205463.97844683126
2848,220844.313498966
2849,196188.98912602715
2850,278953.42201709247
2851,214950.91956390836
2852,238438.44200153963
2853,234065.9556683947
2854,134627.9825000221
2855,199575.68233691834
2856,200144.35301022918
2857,184239.45226935344
2858,207267.6646562292
2859,105615.3285434848
2860,125999.69272725277
2861,126120.40185769985
2862,185491.04754740547
2863,127892.61668312886
2864,247197.59613781035
2865,139825.66810703036
2866,146121.70239846138
2867,99123.51330864381
2868,93805.51668742804
2869,97069.90879648885
2870,114791.43312341029
2871,79224.53527459542
2872,54015.03019157484
2873,96364.71119656444
2874,139115.9680340774
2875,114524.28929377974
2876,159944.09285572043
2877,146038.35981269166
2878,160766.97828202328
2879,136770.7159132503
2880,101305.5729808399
2881,144184.69376321405
2882,175775.93378927777
2883,190159.00023466104
2884,193144.18809359765
2885,182461.83947750094
2886,232555.7990026388
2887,97033.12092980224
2888,139277.78591977587
2889,57662.07637069687
2890,81411.68120756451
2891,135537.56995897004
2892,45689.91867852492
2893,71846.69608716093
2894,55634.20888016874
2895,337285.27135568415
2896,280428.310011545
2897,210247.7823695046
2898,148736.60456638137
2899,203647.63770030512
2900,156986.23444594504
2901,208744.889168128
2902,183097.12841623978
2903,322897.5748961143
2904,354628.2277573016
2905,87983.88468300275
2906,196436.077069389
2907,111317.70822452796
2908,127714.29827949284
2909,151914.1767927457
2910,77818.95175875927
2911,81451.18791745893
2912,144048.6224091631
2913,81239.22589972262
2914,78856.17152406015
2915,87668.35446090475
2916,81892.7379791524
2917,170160.60765008014
2918,114650.23318216759
2919,223449.68450960587
