Id,SalePrice
1461,136445.48684825737
1462,156411.2604305157
1463,190887.0562818342
1464,190734.01242684762
1465,167620.45300394623
1466,174023.1709953928
1467,174288.68016919488
1468,160285.89379036584
1469,177120.6053514661
1470,134285.30381991286
1471,189115.54728582798
1472,119816.75961874473
1473,122754.06710520526
1474,156261.64019244714
1475,115978.7324903146
1476,291276.8057587112
1477,225103.0126228918
1478,240158.55022473616
1479,241656.17480342113
1480,464724.7818820647
1481,291809.21771973843
1482,184153.40503426944
1483,176083.0029680614
1484,160117.96957214412
1485,153720.9852433649
1486,187160.7227826114
1487,316341.1558830615
1488,231618.6597558323
1489,178688.62468428572
1490,207199.72613625816
1491,186476.38403517968
1492,110542.98284201304
1493,178476.22889835184
1494,263061.9239246014
1495,267042.5390153699
1496,205831.0476552545
1497,186414.4649437621
1498,150380.22296021023
1499,150377.99169760762
1500,153776.58514650466
1501,174280.64689750792
1502,141954.95921956026
1503,233170.33745186587
1504,212959.2461677242
1505,209966.59635949443
1506,204076.05789343998
1507,283120.5913959425
1508,208593.12977320203
1509,156104.98154098776
1510,150668.30017194297
1511,151074.78882664736
1512,181224.1572552053
1513,152891.22687505788
1514,158460.46065066537
1515,219680.10961048747
1516,145592.63811976445
1517,150098.72238650042
1518,174552.0124843
1519,218977.14978587246
1520,133855.25379880852
1521,138985.85869818533
1522,166056.019376536
1523,127359.41098778689
1524,118526.69284180662
1525,119846.3898188308
1526,120606.9935197559
1527,117523.83266147034
1528,139702.45317031068
1529,141073.37958851754
1530,185298.54557670033
1531,132026.0465938764
1532,86282.45394889603
1533,152432.46671767096
1534,124536.39738067277
1535,157902.6467061529
1536,120344.60377968401
1537,114392.67919353119
1538,132805.29064354245
1539,161320.18339679175
1540,125492.45962542121
1541,143503.29913208305
1542,158054.62698953896
1543,173427.45950734522
1544,96281.53008681462
1545,110319.96191447093
1546,122226.57962469055
1547,130663.68444639149
1548,133607.60692355697
1549,126960.399235229
1550,139439.28229578948
1551,117037.2545313229
1552,159672.57806712933
1553,115667.13618099873
1554,115350.75019350498
1555,169938.90763425603
1556,106096.41900421728
1557,105958.81512535986
1558,102139.14784895691
1559,107676.44656853956
1560,139434.91215985996
1561,154750.4122799458
1562,127715.32872500116
1563,122543.8829535487
1564,175174.23225184836
1565,150714.90902944416
1566,212547.52778584886
1567,100471.58918979406
1568,221121.77995071493
1569,156370.1894268674
1570,123962.09989911786
1571,124180.38223710886
1572,149134.7515246091
1573,215464.61738483203
1574,148605.5259594281
1575,192990.15879208726
1576,241861.8043900519
1577,176394.4864517108
1578,127427.13477582042
1579,150923.22373531107
1580,183991.67723162397
1581,143492.8179793299
1582,126518.14540797722
1583,299293.1050932983
1584,230836.1132232878
1585,141690.84720192658
1586,90233.81546146047
1587,106057.21027453268
1588,149810.17414517948
1589,123174.53559361387
1590,135206.38711854207
1591,93444.30864758833
1592,129551.34630715734
1593,110305.28543864012
1594,144116.83680095777
1595,109633.15941586172
1596,197016.28880829265
1597,199860.2150540111
1598,168930.37672329444
1599,153229.67255420267
1600,158603.8870096811
1601,88248.29598295508
1602,123375.02094454059
1603,96505.37248610733
1604,225136.80821284244
1605,221551.71700963852
1606,167082.90917314234
1607,242147.5760744415
1608,192686.44722496357
1609,170524.99301602322
1610,155563.90741442758
1611,147253.97940241502
1612,191985.35075930099
1613,193410.71480229503
1614,128869.40780446643
1615,98521.66385585265
1616,94932.87818043919
1617,119977.89744541426
1618,126267.845492959
1619,138069.31182959076
1620,248350.2703246926
1621,154140.05153393932
1622,151076.24787443172
1623,225755.08824833573
1624,213481.2469372088
1625,121550.43064608714
1626,178258.0857530534
1627,189424.31034890912
1628,254517.09987322366
1629,158792.57479097837
1630,341301.62380317546
1631,189746.90364585075
1632,212150.30016182683
1633,152004.11526222885
1634,179992.36650288705
1635,163585.4718202408
1636,153906.4355990404
1637,201963.17231598723
1638,196820.06784741362
1639,193241.24498519613
1640,254840.93602241078
1641,185398.43547525365
1642,207169.51249317473
1643,204173.58536969966
1644,206218.61873650143
1645,201947.2271388367
1646,149430.41050684795
1647,152771.45785598218
1648,142635.67272999955
1649,132543.97399541354
1650,133763.56025241836
1651,137823.77131950037
1652,116115.67659360978
1653,115467.23083884182
1654,157243.87765388598
1655,136689.37929643982
1656,152312.33903476165
1657,158520.34197515735
1658,155556.86716603086
1659,122923.19873880908
1660,149808.26408118388
1661,372973.4607552531
1662,331440.84149808803
1663,311621.02405727823
1664,441207.77724847326
1665,255394.5566969225
1666,275621.5193428263
1667,315378.290618746
1668,267987.289191419
1669,223165.185180307
1670,273352.8472849908
1671,245452.75027641476
1672,384261.6748257034
1673,265970.4296174627
1674,236660.8853935692
1675,190984.30136954878
1676,192248.37124099594
1677,193285.00149841278
1678,417909.6305031102
1679,322063.43975601275
1680,264996.94235490786
1681,200105.16680597205
1682,248407.77605261086
1683,184120.3842893666
1684,165052.80877576262
1685,165615.8543700245
1686,163600.2949797005
1687,150612.57832544975
1688,181887.5075549521
1689,182943.73511619723
1690,169193.99037152177
1691,159770.03283596647
1692,219390.99431639252
1693,149792.30503213676
1694,168849.76556043557
1695,147929.91789571903
1696,271315.840818936
1697,148174.18029415846
1698,336660.5300967432
1699,282200.9347880159
1700,238285.94444643668
1701,247842.52285818674
1702,252005.09584833853
1703,229603.42120545913
1704,251935.31809806282
1705,198529.16599057184
1706,380251.4536971616
1707,189427.26766420752
1708,197376.90290944144
1709,235118.11948162972
1710,197174.70273614873
1711,222892.56438605313
1712,232508.24468435594
1713,242236.10705379263
1714,213563.20451944022
1715,189589.28615763085
1716,171877.15449968172
1717,164875.1583267909
1718,121937.33071817807
1719,194425.42519502455
1720,226514.13942382074
1721,168685.6618650839
1722,120305.5098554726
1723,167714.48289427324
1724,206184.86266489542
1725,220088.87379447324
1726,181456.980457272
1727,168682.2036526284
1728,169503.56227749138
1729,153309.36554094753
1730,159017.1928106302
1731,123447.82231800226
1732,130791.53017784319
1733,124230.17118309725
1734,129011.49464277808
1735,123967.04375744908
1736,114474.40633268407
1737,293184.3477383908
1738,210585.34437399497
1739,327267.5035309525
1740,221110.02849936724
1741,183119.25839100566
1742,170326.963892793
1743,166431.60174028916
1744,240915.2326737281
1745,209873.89711912753
1746,200768.67856356662
1747,212371.89840280308
1748,238206.26530856776
1749,165571.02293699986
1750,145947.4124794584
1751,230336.3518710133
1752,118101.11407693283
1753,173555.01116366644
1754,207343.4100556169
1755,163063.57603331393
1756,120359.20232119103
1757,113477.78358774647
1758,159152.52040003924
1759,167850.45395882364
1760,170029.22297303544
1761,158444.94324556374
1762,187320.50043431437
1763,159281.55533264368
1764,116747.26223250665
1765,195190.7152894872
1766,174768.60973243616
1767,204147.35006773015
1768,137297.69413807272
1769,151453.4915015858
1770,131670.62930677235
1771,132822.07997068818
1772,151196.89427984558
1773,131098.35947811088
1774,197330.2189861154
1775,123259.37583907662
1776,123202.62910123414
1777,104051.67023518292
1778,128881.68852807627
1779,118161.79022358036
1780,148567.6125150341
1781,129955.14950356557
1782,108537.8195071597
1783,150542.23150607973
1784,101262.69875075
1785,113039.67133925657
1786,153323.39412348258
1787,145668.6040474977
1788,71537.15712396725
1789,105892.2801460202
1790,92628.78054026415
1791,262023.33880178185
1792,155988.85097610625
1793,137372.49224330724
1794,134524.29763766364
1795,128739.87109203037
1796,109641.87055522372
1797,145560.9607127541
1798,120599.88366639684
1799,102400.41555188347
1800,117559.43227171554
1801,142810.12692608018
1802,143712.09358410246
1803,163340.5299424743
1804,139958.78003378373
1805,126600.02210214439
1806,127519.80275173653
1807,148787.39330525632
1808,116279.16362398757
1809,97632.38635362078
1810,136362.96754807106
1811,101599.25943604409
1812,96613.57371793724
1813,129241.39168689797
1814,99557.6798595526
1815,83104.799447906
1816,94401.64554848369
1817,133559.85604613886
1818,143742.62993189276
1819,117636.54063412848
1820,73958.18347566485
1821,111175.0916241351
1822,142053.38441063484
1823,67727.69265655316
1824,125856.68230029645
1825,131465.37885748615
1826,106397.5839620831
1827,113235.9504641423
1828,138011.4134958966
1829,146170.33764122298
1830,149684.33642966894
1831,142120.43480398497
1832,126695.80541707313
1833,144885.60997413014
1834,122423.401078891
1835,120373.88541298218
1836,143574.9747570571
1837,85556.56236415425
1838,119916.97207075662
1839,99757.15008366384
1840,126164.55274969406
1841,142986.8432609302
1842,105456.91075254958
1843,144647.76592629
1844,126549.31585797384
1845,147612.0924859871
1846,141565.12317218454
1847,168634.27250652423
1848,69111.82755673536
1849,119184.93263743976
1850,124967.37197709647
1851,135261.46919269158
1852,127217.77427909044
1853,135529.65991140355
1854,150091.0443830633
1855,146954.31624475255
1856,210289.6956208625
1857,136954.6928491303
1858,183806.2779014729
1859,130139.92291388812
1860,167231.37905013293
1861,129234.97247797661
1862,329321.40202028665
1863,327390.79181739123
1864,327405.9559382425
1865,271099.83128005546
1866,262073.36506584493
1867,220305.95995155335
1868,253649.2363056925
1869,193313.21951072704
1870,200917.16252620865
1871,217683.54222454707
1872,163428.56546927115
1873,215744.86344618045
1874,147908.62429664182
1875,194716.41946654092
1876,196482.173365501
1877,203482.2504470531
1878,198907.10883973708
1879,130003.0481581655
1880,131802.10541506973
1881,269664.9360896061
1882,237598.871623216
1883,186636.8677707395
1884,210534.6718369678
1885,206576.2028457368
1886,247759.74541765152
1887,193104.52070259105
1888,241525.50817039926
1889,161924.84660308616
1890,139404.20466492855
1891,144822.7476029222
1892,113776.91260015112
1893,133817.06488035846
1894,134713.59293629503
1895,150249.16816705896
1896,121960.5403845057
1897,121739.88071466134
1898,113766.68840597357
1899,122942.19404146583
1900,112976.66481343932
1901,143727.72863433685
1902,155413.01906188298
1903,188563.55647476946
1904,127635.10545251815
1905,169500.4418585311
1906,152640.7144078097
1907,189206.34311505387
1908,129785.35074371294
1909,143004.71350881408
1910,137449.66158087342
1911,196718.42302438343
1912,270278.10841617524
1913,168886.0754167795
1914,85505.61258867405
1915,223358.0457644739
1916,85360.94259752268
1917,234195.1982925485
1918,134529.97614507822
1919,162558.54201963224
1920,200726.34881764508
1921,312238.88699389773
1922,248699.8901645103
1923,211740.59112148822
1924,205290.67837461465
1925,208268.28858538103
1926,314730.830700498
1927,133839.49615980173
1928,166603.09588068296
1929,120086.12166385315
1930,135530.19806231494
1931,147433.19749048454
1932,151157.59701652164
1933,180568.78652998092
1934,179811.73004984797
1935,165398.95250583792
1936,184457.6794538353
1937,178071.750785851
1938,173831.6494926636
1939,209317.9624746097
1940,165018.68110184043
1941,176834.55138621296
1942,177628.73164889548
1943,166095.26437331477
1944,279288.75111292454
1945,270268.46406887285
1946,164795.73442352648
1947,233957.3879802495
1948,176126.68705014652
1949,211541.5901078118
1950,171711.72189080433
1951,258514.6813007851
1952,229294.74550621604
1953,157380.84505770728
1954,187994.8944396496
1955,139941.45423465746
1956,364624.9118558097
1957,166894.7880966799
1958,281336.6518638288
1959,170185.48132129887
1960,121310.97744031534
1961,126299.07856104695
1962,117138.4360096893
1963,126805.49665951953
1964,131164.56727603788
1965,150977.6213136654
1966,136907.29258745577
1967,246993.49412728572
1968,375799.5391711517
1969,284625.9272248853
1970,381246.6880592066
1971,397615.0725557614
1972,318967.1780704362
1973,229857.6112953268
1974,277408.3444248401
1975,399904.87918825186
1976,234884.59969300014
1977,327436.4859498015
1978,341182.7670893025
1979,266587.6802691868
1980,180250.05562141372
1981,283127.74433809734
1982,187496.67723164405
1983,181061.33290377096
1984,174235.96994011875
1985,208241.09564325036
1986,213765.9883506877
1987,165028.0686310447
1988,165958.7992843213
1989,182107.87189736334
1990,202793.1888657933
1991,191863.9311878808
1992,205992.81825784474
1993,159777.3019399298
1994,238123.82595174777
1995,174265.755712857
1996,234741.2171186851
1997,258702.60027145923
1998,303160.5569226811
1999,232851.71509621374
2000,279928.05226091825
2001,254874.39838680727
2002,220309.16348335953
2003,241405.41789837065
2004,239724.69523831864
2005,193183.75124835467
2006,190968.5214943204
2007,225602.31540164258
2008,177939.33746564752
2009,189875.84282087465
2010,185935.48251173156
2011,125266.70917252667
2012,162262.40528539984
2013,173939.94863543296
2014,184528.99943793763
2015,183885.32606391888
2016,190191.39629551783
2017,186212.71579044676
2018,125692.24145729467
2019,129772.47205081773
2020,121162.05892866303
2021,113940.74186372156
2022,176324.5633450762
2023,165413.62014861722
2024,266623.5945225442
2025,339653.4488090257
2026,166391.05632756033
2027,150289.43956842102
2028,163815.93308829056
2029,169372.7819544823
2030,216885.67436339636
2031,189080.18645643635
2032,196736.9408904356
2033,205618.4662676067
2034,161489.82365314005
2035,199795.0671067608
2036,186369.91670647758
2037,189534.4910282868
2038,255077.75254050345
2039,169467.68067927865
2040,313025.260390048
2041,208700.79236367217
2042,194683.4378676629
2043,171897.5635805009
2044,195526.96230362952
2045,186769.029497551
2046,174748.27391295705
2047,149209.15440427233
2048,139689.90196017775
2049,189446.23686160968
2050,163827.02686260676
2051,99324.04430061483
2052,134439.73862801306
2053,141628.8655299141
2054,95181.44924335563
2055,159261.2637879654
2056,126605.79541115438
2057,123806.5497362842
2058,199667.31084813055
2059,133688.3120937447
2060,173749.9457179366
2061,180049.00611680283
2062,131685.00858127998
2063,105534.17442000452
2064,141642.76316428164
2065,121282.91845231073
2066,165301.40825508215
2067,129701.80281495684
2068,187935.3352185155
2069,94248.2095498373
2070,110605.60276343607
2071,104135.61923564333
2072,171681.08385401074
2073,133630.31251841778
2074,159987.6246010976
2075,140557.41312285882
2076,119442.08623959217
2077,137962.55575213366
2078,124341.59464659613
2079,137007.8477283268
2080,113608.82918923255
2081,126327.41786031138
2082,143012.80927362575
2083,148352.63486269917
2084,108185.70972473761
2085,126193.90292503624
2086,129518.98606892685
2087,135961.92478814753
2088,124235.24546655368
2089,93658.96266571859
2090,126880.89070342337
2091,104763.4317619518
2092,151094.89598781505
2093,134734.60013361467
2094,92198.63014785893
2095,152663.70285416496
2096,89423.09017385963
2097,83351.5118011248
2098,159247.60783989195
2099,85543.93325478211
2100,106959.41594457581
2101,140580.5923024507
2102,119103.26630856452
2103,99233.52917936616
2104,175324.53877329157
2105,103186.02884020086
2106,108859.40344437843
2107,188573.85497894185
2108,119955.16404658466
2109,127139.34668025724
2110,126239.84131515327
2111,135582.21571747118
2112,140710.0490515193
2113,123449.1537716876
2114,108810.69029710755
2115,147832.55978248265
2116,114824.48897821884
2117,160140.57319341568
2118,118935.86915614163
2119,103901.95714923223
2120,115943.70510803655
2121,91057.73854329255
2122,110878.16733645904
2123,90682.474387497
2124,162100.51795044346
2125,161223.56269912416
2126,155553.07474104964
2127,163473.22215138824
2128,120746.67018075193
2129,101223.54297251973
2130,136375.11713753873
2131,145505.113931805
2132,123465.4630021958
2133,117683.89402617193
2134,116408.34002984031
2135,102148.51275288979
2136,89242.59656494742
2137,121868.78524150867
2138,135248.91056436478
2139,146552.96147693088
2140,136608.49559607165
2141,132094.93817048072
2142,128649.89745911685
2143,149738.01887108767
2144,129182.58445191215
2145,131452.7227945161
2146,144244.57525740526
2147,174422.90385583468
2148,135240.54865328135
2149,147302.59188937102
2150,185938.03720039377
2151,109550.02187136989
2152,135424.89216561796
2153,170519.08197619807
2154,98342.97902702485
2155,132605.6070599233
2156,299305.4904601899
2157,223268.4139816835
2158,213818.79478983016
2159,193418.5551651513
2160,161780.00701355058
2161,233235.70644125185
2162,414249.5078886865
2163,270453.1732688105
2164,213297.18283930566
2165,171492.75054105007
2166,152135.2132594866
2167,198865.79131362945
2168,196821.8151104981
2169,182653.5076125359
2170,210704.32568989822
2171,151357.65484633282
2172,144388.2202805746
2173,166775.13442792915
2174,233016.05147020175
2175,248070.69094117577
2176,258592.54006672476
2177,243525.62541038264
2178,192994.4143064514
2179,141556.40120455576
2180,257075.46673639
2181,184284.33091329518
2182,220072.05642831282
2183,185364.88927545442
2184,136873.2581087517
2185,131179.69484960902
2186,148257.27875997365
2187,150753.25007201044
2188,149480.2265891597
2189,294748.6403291536
2190,82148.13840190411
2191,82416.69272782751
2192,88711.25657592287
2193,93548.96226111389
2194,85095.47249145179
2195,117836.87664746036
2196,112038.31354405299
2197,124442.77739192497
2198,128504.34999943407
2199,163896.20125248926
2200,120831.24137118613
2201,129442.121984453
2202,131806.82166817324
2203,139449.69300942562
2204,161690.97245477536
2205,123828.72539894149
2206,128677.4366095219
2207,161129.337255302
2208,191004.9736760828
2209,207778.07808468334
2210,130597.57372108652
2211,108380.77708122175
2212,116485.94971724045
2213,91060.5765091311
2214,144015.94822081525
2215,105295.46746512828
2216,173184.95708859383
2217,94468.06063970439
2218,94716.54492174035
2219,98209.33992588402
2220,93761.77428207322
2221,225585.12749398247
2222,222006.84985148124
2223,272101.0803171991
2224,216077.3791179704
2225,149837.5797775852
2226,220984.549047784
2227,185709.4604254377
2228,224041.2519987301
2229,207056.61618603082
2230,153799.76974468777
2231,189308.26057258277
2232,184985.7398193342
2233,178897.23086587398
2234,197655.53451368122
2235,215579.42129132315
2236,233490.88625890962
2237,295927.72327864065
2238,198509.65423350298
2239,119222.69315245084
2240,159896.6184613667
2241,166560.82634498467
2242,139531.5134293067
2243,140957.5646081708
2244,124160.79247919898
2245,114945.07157094884
2246,138015.32574648672
2247,103544.13461389554
2248,125260.46206883997
2249,125098.87860431096
2250,133622.76974537692
2251,136200.6446120772
2252,185835.43289405864
2253,143540.08047400514
2254,165616.53820418383
2255,194943.549400301
2256,164248.18515189708
2257,229418.35403892776
2258,152298.28225080637
2259,176319.85999278797
2260,145899.70371583756
2261,154148.8061826345
2262,169891.4861942448
2263,293803.0923402352
2264,432637.45375103597
2265,192442.8300668124
2266,213868.7842197694
2267,346156.6195549146
2268,285129.77623373346
2269,159925.60326930348
2270,165986.5415762862
2271,206207.79705767363
2272,192165.72626337255
2273,160754.07798192778
2274,176226.43880004424
2275,184886.81637805558
2276,173620.88566885225
2277,187367.42836651183
2278,165063.31897925923
2279,128745.0734530088
2280,118971.86070468443
2281,176252.47006673098
2282,181966.83376167394
2283,123720.95738012304
2284,126188.90793768718
2285,136113.00551211962
2286,126950.98525324748
2287,262468.32651784073
2288,237192.51950654044
2289,324630.65110836364
2290,399768.0953020657
2291,277916.94509605464
2292,314635.34106907155
2293,413384.52127453225
2294,350865.18030857714
2295,401770.6490403508
2296,262252.4726943063
2297,248285.08588843024
2298,257477.19167605782
2299,380827.5284486235
2300,296903.41758830845
2301,226067.0657314077
2302,242680.31230184255
2303,224534.98392790198
2304,231564.1348645718
2305,189525.28715142002
2306,190875.57990143495
2307,188536.75300581387
2308,208389.43716288134
2309,218477.82204790297
2310,178542.2276177384
2311,191238.1428328604
2312,178955.95385334027
2313,170199.2259611595
2314,165767.24699087147
2315,169039.6049971136
2316,175974.2021066865
2317,180304.26346315813
2318,170526.38964747835
2319,165087.734142295
2320,167910.32764226513
2321,211608.61944929662
2322,166999.69093026032
2323,156076.89394761284
2324,151159.37045371134
2325,198713.53492352692
2326,150522.49621237195
2327,194642.42061584746
2328,210569.5943499209
2329,183078.28216569847
2330,190252.4190734539
2331,339628.5674787734
2332,360157.01460099686
2333,310482.5831151051
2334,247783.79867239052
2335,227114.61022381907
2336,319225.871195239
2337,185792.2009731003
2338,236916.77788652663
2339,200819.1586137386
2340,320219.8328379467
2341,193959.54391980547
2342,205428.97509408704
2343,214533.02122128222
2344,219527.0024224941
2345,229672.72667656137
2346,182423.01322717583
2347,180449.11862159282
2348,206241.72977172348
2349,178524.8985472937
2350,237712.913595494
2351,205782.9352643218
2352,226458.05085570805
2353,277081.8284574207
2354,118818.04415642894
2355,121211.66782440622
2356,165063.204854709
2357,193496.14444958634
2358,192783.60557503597
2359,138228.90184340478
2360,124309.12064405218
2361,148607.58131492484
2362,265012.8234461322
2363,140485.54481091964
2364,161025.4617096913
2365,190902.8383876585
2366,159444.12290634238
2367,193854.89089977273
2368,182168.66857654267
2369,196914.32608179792
2370,166975.31943898508
2371,170147.4442766686
2372,184092.12187564626
2373,228079.30635766356
2374,304058.989811084
2375,189184.53192121614
2376,287289.0409676859
2377,338143.4531231763
2378,131348.64917478213
2379,225375.35031966167
2380,141205.4795533413
2381,162063.80439321868
2382,179759.99658346662
2383,195897.3982509572
2384,225284.90124329302
2385,144010.74533818205
2386,128403.426634224
2387,134088.4737337583
2388,115927.6584193624
2389,123077.74839553138
2390,133973.4279749281
2391,142746.4034672273
2392,113199.1307844552
2393,144044.2897760523
2394,135879.47995059093
2395,203022.4048517467
2396,140373.52883438478
2397,198789.6652675842
2398,127990.12373326176
2399,78011.31771185846
2400,73547.23690932592
2401,116431.04955153535
2402,128579.39155980284
2403,185958.41453355132
2404,139942.25143267773
2405,151106.91694063463
2406,125640.72563078666
2407,122507.81056907508
2408,146529.73199616658
2409,129329.6238587694
2410,173694.87581221916
2411,116052.75691356414
2412,153862.82943544316
2413,133076.23652812053
2414,132854.81198262854
2415,165400.93262404323
2416,118652.08759809108
2417,118256.86125978953
2418,121886.01140148852
2419,147914.21311897726
2420,120716.18783995943
2421,152961.59941944224
2422,117657.08379711758
2423,107080.15150597032
2424,157624.5400256854
2425,302886.67694015213
2426,147634.72826907007
2427,99870.54295590187
2428,165565.74769263808
2429,112680.94474253814
2430,124422.99339584063
2431,124449.17975219377
2432,130536.31301982848
2433,135728.7388937791
2434,139079.8910005028
2435,152289.49250255094
2436,97064.94361957494
2437,112907.72269497249
2438,118521.92457911008
2439,117232.5633268208
2440,127880.34890711232
2441,107685.40247228259
2442,106038.77821910527
2443,113857.00185933457
2444,123235.53248265668
2445,98198.79602627321
2446,136547.28758123465
2447,160699.04734113047
2448,132526.25734899135
2449,116554.70507938696
2450,146612.83420324238
2451,128903.01128178785
2452,174753.76120430848
2453,97668.83313232764
2454,118829.56353857182
2455,115372.76055510694
2456,136226.57380302346
2457,123404.69503531391
2458,111396.20792633026
2459,103091.66354929093
2460,138009.57542608966
2461,116892.58994774928
2462,132780.75878461034
2463,118385.5882694009
2464,180936.5184956947
2465,126779.63324028155
2466,124844.05184671475
2467,129812.53953646681
2468,98492.78092494645
2469,106045.5261406154
2470,200527.23258093002
2471,183189.26818613193
2472,185243.06074191016
2473,135222.3482667634
2474,115468.02651209665
2475,205544.10805620012
2476,121314.46284363924
2477,124793.21936937083
2478,174515.3147308169
2479,129699.8602120987
2480,137461.2564902666
2481,126492.69706440184
2482,133349.07893150326
2483,115845.27674494598
2484,131165.08573662862
2485,121470.44505029035
2486,150187.23169325897
2487,214951.909535559
2488,124900.18692171738
2489,148668.0059984506
2490,139267.79705314775
2491,98937.1486260434
2492,176679.2767720411
2493,136138.7222287323
2494,165536.25936533592
2495,114207.24789690446
2496,225555.40632803983
2497,156346.88633107432
2498,115026.89874438648
2499,102170.5567451151
2500,132337.4054380668
2501,137728.10877495838
2502,150284.60598197835
2503,118480.3485973345
2504,189427.06004009815
2505,201319.42727114641
2506,239224.87964191847
2507,300822.8586368001
2508,239167.4301281622
2509,219574.80088409325
2510,206030.79044523343
2511,170844.66778416172
2512,200175.80510699088
2513,205108.78093934848
2514,190058.2801828439
2515,159796.41722603486
2516,159991.07413271928
2517,145242.5857972141
2518,151929.92763378736
2519,210036.46206048262
2520,192464.9512677613
2521,181336.6208848028
2522,206558.2095629297
2523,127002.11762434598
2524,135861.24695201006
2525,142123.95334476646
2526,150133.09422622627
2527,122090.92565977247
2528,124697.18630171816
2529,137112.8750821527
2530,135218.31561377435
2531,235355.4165833122
2532,213560.3270230384
2533,198368.79671203785
2534,200846.970048951
2535,289106.5878590417
2536,220680.11668134233
2537,188227.15349165833
2538,170941.37476507813
2539,174039.2734016295
2540,172545.10193389884
2541,170463.25034734383
2542,166783.06396521555
2543,134767.24883396635
2544,134737.16328995398
2545,133130.6248452897
2546,143091.26994717758
2547,142641.1219584896
2548,174518.28645396527
2549,167058.66689044228
2550,1933385.2685333702
2551,143240.65586635208
2552,128566.29972706169
2553,82349.64977712305
2554,102290.79874751306
2555,100678.72554483371
2556,107957.76464787751
2557,123560.93727735699
2558,158030.6799891559
2559,133923.09182180543
2560,122669.27349967102
2561,108834.86858260461
2562,116168.30176480919
2563,123875.52051908922
2564,149063.68229668002
2565,111811.30204817145
2566,146484.9143753815
2567,133387.7664591238
2568,180893.04725791106
2569,176666.3172330317
2570,129833.98663485085
2571,215890.14034718112
2572,146221.85792050022
2573,203212.86276097188
2574,231906.81487603433
2575,131522.70816427292
2576,112871.59141543676
2577,142659.71996923184
2578,91544.15035336537
2579,85319.11102193812
2580,120989.55774864728
2581,147340.48621221102
2582,117467.9119786941
2583,225105.78249779798
2584,156898.56151620936
2585,199025.84432678059
2586,198989.48513730103
2587,191812.42675860657
2588,126135.36283969133
2589,143273.42250019184
2590,193951.07039099868
2591,201707.4825839962
2592,208928.0914909698
2593,208508.19248178677
2594,164704.53433564774
2595,176432.76632457806
2596,276800.3605770418
2597,187917.7614185291
2598,260559.3427190049
2599,266450.1764505513
2600,187470.80908337657
2601,137728.93236265265
2602,117501.96031638829
2603,117113.90887724089
2604,96231.45792778392
2605,119148.82708947283
2606,150173.32107184592
2607,207558.41254321666
2608,221462.62868664478
2609,156037.91682168984
2610,94497.544572846
2611,177190.67546437267
2612,157632.09922887053
2613,126431.13657613883
2614,127416.47080458363
2615,146771.2683405403
2616,126975.76186943156
2617,217177.37687479475
2618,183370.3444617717
2619,202202.41033360528
2620,178311.28740550473
2621,170545.59699675543
2622,186479.08207528485
2623,219714.498591117
2624,288228.2680602924
2625,317693.5163690198
2626,157189.632457411
2627,153127.20926573998
2628,340624.47708872403
2629,417617.56702363543
2630,276648.1655200698
2631,366689.60082287394
2632,325327.5597001343
2633,230589.11074598643
2634,297925.38958657306
2635,152276.73501782943
2636,188691.74278083042
2637,160032.18620660575
2638,241371.3457873385
2639,180257.02570105242
2640,149927.68064273204
2641,126653.53254948847
2642,198645.6594891066
2643,125070.41069287641
2644,143223.06049707317
2645,116197.7846260552
2646,113248.58112840466
2647,126766.38632479726
2648,141258.36398348527
2649,139642.95898820696
2650,129487.14477970579
2651,149121.95276417187
2652,339974.04612441314
2653,228163.29405423082
2654,241279.0429654808
2655,316893.2372993955
2656,249244.7955973918
2657,262601.59610089305
2658,249832.7226341777
2659,259532.7467278788
2660,295319.9417528955
2661,276295.82436043327
2662,267268.46100811416
2663,249573.26952848633
2664,210612.69427006255
2665,259356.46435489928
2666,226640.33424504046
2667,161179.9607147442
2668,166152.6311393151
2669,174746.48209089407
2670,253861.63787202715
2671,168374.05946950434
2672,175280.46477833705
2673,189406.88684123452
2674,192845.1263127615
2675,157625.23533156238
2676,176148.75186095634
2677,198182.09404398323
2678,257813.0774209338
2679,243396.7335851966
2680,252737.3505036046
2681,361360.53076522815
2682,313324.8523447157
2683,515168.67739631573
2684,287830.635056494
2685,316110.55713686737
2686,234640.24435348212
2687,253361.7607706276
2688,196898.56060644286
2689,175170.6885824285
2690,361244.3282653121
2691,190638.0847429367
2692,120579.22856413794
2693,192502.48680123835
2694,120849.14629680171
2695,186579.98676239338
2696,174797.16018532307
2697,204306.79878044495
2698,192746.8823292707
2699,179643.36120054297
2700,157588.34632917418
2701,150379.552845417
2702,130868.03303795896
2703,139551.96983861283
2704,149818.5900569357
2705,123155.13943023077
2706,117108.45860273093
2707,126694.06719290922
2708,127117.49722483642
2709,95158.59547176778
2710,121684.2342911307
2711,304202.5586312513
2712,340506.58062737924
2713,161395.3893832678
2714,145728.32677612675
2715,168330.96237495003
2716,139336.86259854076
2717,167514.38123502966
2718,196948.16649136174
2719,154428.58048463782
2720,160188.77570482987
2721,137330.64851015026
2722,175106.15589448428
2723,141801.576260673
2724,121889.67127236798
2725,131063.20201009564
2726,145471.87146664923
2727,167545.79150745578
2728,151988.66492658784
2729,142854.11514693577
2730,137995.0136531288
2731,104735.78379600281
2732,115080.31663865996
2733,164366.06007874897
2734,150626.4378390474
2735,129463.40796078829
2736,145037.9018909197
2737,116116.49178134488
2738,172289.9347435725
2739,148177.88383582383
2740,126485.38072616057
2741,140613.6612064355
2742,147392.48893493658
2743,143706.48062621278
2744,140054.4741592781
2745,131069.27299657051
2746,127251.9481410379
2747,125328.88438868927
2748,121827.28085096032
2749,123791.76387370971
2750,121261.2708256478
2751,120149.40919176058
2752,182745.9194172713
2753,173630.30884478168
2754,340968.6336888293
2755,133936.18142188407
2756,103495.2646760209
2757,106228.51132848485
2758,89415.19109410876
2759,132735.14443725464
2760,153782.28911876417
2761,139413.34340954208
2762,138273.88498088188
2763,193752.26776746972
2764,123953.17606021979
2765,254205.10282371342
2766,154255.17250138576
2767,99360.08294502833
2768,125484.31897700691
2769,133627.4841806526
2770,134623.81934749405
2771,114724.73140100754
2772,102508.93183014207
2773,160386.27227807025
2774,147869.9793460291
2775,136885.94001279512
2776,126891.60290767228
2777,130504.88098722923
2778,101383.20525376644
2779,149927.8983406478
2780,109431.71260798773
2781,97475.23804456671
2782,109042.68422506771
2783,111374.5681455752
2784,126120.1555009106
2785,132730.87566564328
2786,81856.38829698939
2787,119690.95910572859
2788,97377.3610067745
2789,173835.8762584615
2790,87484.77597464704
2791,126819.05967781619
2792,85690.1170662046
2793,145618.47528914508
2794,109998.71236011277
2795,117370.66059972125
2796,98562.9148275253
2797,242717.51734608528
2798,124688.48704789078
2799,116123.44448913861
2800,75357.72340206977
2801,109574.60626135189
2802,129567.35429635092
2803,205961.7654215812
2804,122129.80428046003
2805,91843.2854973252
2806,99041.35259449323
2807,144850.63393898334
2808,147319.03275858765
2809,121058.70431089592
2810,128444.38458590419
2811,164976.48819553977
2812,150202.39252219658
2813,226591.03158737725
2814,225294.60747508274
2815,102892.48738526135
2816,208116.70557479287
2817,136103.3577494971
2818,124957.98742647696
2819,156589.18314180218
2820,146338.90431200215
2821,116602.7517227866
2822,169624.29413799473
2823,438405.3648459999
2824,193684.31649893575
2825,135744.49297169066
2826,127430.7997991556
2827,144712.49230802158
2828,241762.33783926046
2829,206548.53981638156
2830,231943.13093958728
2831,175894.75418770063
2832,242940.0997540772
2833,232085.23161318025
2834,206037.43463774247
2835,210009.9267102867
2836,188197.97079086673
2837,164199.07314239448
2838,149867.9431881679
2839,173584.12296123785
2840,189648.38482951844
2841,190734.21994538236
2842,207204.04713570213
2843,149265.89938628962
2844,168490.32598766123
2845,117578.01595729517
2846,203948.75416584715
2847,195200.415231875
2848,179546.83197030757
2849,196640.46500883313
2850,250229.8541205717
2851,212242.83677207693
2852,216576.3263141523
2853,219745.29995323028
2854,140328.49657494825
2855,188661.73213803934
2856,190309.06744240035
2857,183377.64437037465
2858,186772.0144813864
2859,134349.86863720955
2860,106038.78651923029
2861,143936.74000364277
2862,193673.87629025555
2863,109004.072657458
2864,235942.661416465
2865,143547.8478644664
2866,178844.64152565197
2867,103344.49637363036
2868,122538.4415080287
2869,135858.0091640058
2870,155308.29637737124
2871,88197.42643566174
2872,81708.80617097531
2873,115565.45557530581
2874,138279.50192147476
2875,130849.39013696346
2876,139905.93914064686
2877,119334.1981890004
2878,127245.42548181278
2879,131470.49608402158
2880,119101.77498995887
2881,127095.85270578289
2882,149493.50610882824
2883,147077.3730395211
2884,146206.1247190682
2885,139933.85179334407
2886,201973.66530255115
2887,111751.07348444527
2888,126737.88497815489
2889,70540.94783960421
2890,91502.04909976348
2891,149616.47026112012
2892,69992.47984231284
2893,98967.1311511206
2894,72796.78141123906
2895,234759.37060331594
2896,224350.25112537353
2897,202079.61099277347
2898,192255.6651782664
2899,188973.77833833825
2900,151549.104152788
2901,192648.26388859237
2902,183891.2354495018
2903,268379.8947969138
2904,262630.5917050817
2905,118484.1450664009
2906,195422.54955703908
2907,126132.24919392988
2908,121930.41918150471
2909,205200.92457534585
2910,83163.97355848628
2911,117166.70244368463
2912,149285.7198423927
2913,118206.30288831076
2914,93759.48978389651
2915,93816.2771609228
2916,117470.38377716971
2917,172871.88558028414
2918,107351.21418717477
2919,221329.16621943688
