Id,SalePrice
1461,118443.94628192217
1462,157714.22651229321
1463,182458.18054301833
1464,197676.6186782503
1465,200009.3458446619
1466,168725.32822285462
1467,175013.10260117243
1468,157566.1358418013
1469,196625.28023147635
1470,120346.53877806352
1471,184626.24218347372
1472,97544.25179558792
1473,95177.3597376654
1474,145800.67399726453
1475,108087.11258177609
1476,352279.1554359972
1477,240847.27145207077
1478,294976.5856501204
1479,297092.1193807204
1480,474316.2758477195
1481,326742.26057582826
1482,211935.78045935364
1483,181543.34133642752
1484,160269.10783207376
1485,189563.06187592066
1486,195390.05753790116
1487,342395.01060061814
1488,235318.18434008522
1489,191363.2885176977
1490,250238.95043992257
1491,193194.2236735683
1492,96174.1409065905
1493,178416.96870408906
1494,288048.58073344926
1495,290166.9395404851
1496,241079.41869350447
1497,183027.24106680608
1498,172650.87392387542
1499,163496.6666846452
1500,160573.58767841192
1501,175231.15801367836
1502,147605.56915690238
1503,285107.1819057181
1504,244194.59290193566
1505,230350.57341901422
1506,195674.13518567284
1507,247640.42489852366
1508,200900.2087510783
1509,161909.15364716147
1510,146817.88536365083
1511,155478.1019091367
1512,180853.3940667087
1513,146365.9818312031
1514,148787.55313925244
1515,185781.0699956506
1516,152436.54259486016
1517,165835.8715694245
1518,134674.05272418514
1519,203718.63790565473
1520,128921.11193867364
1521,132976.98323346846
1522,179794.08451211193
1523,111915.42414041863
1524,127726.3265109388
1525,119220.40842385413
1526,109275.70181894649
1527,107320.60351969015
1528,133048.01134957295
1529,153486.92265937492
1530,182168.9410325011
1531,111787.6821017052
1532,100284.59675920325
1533,148720.87962096577
1534,123804.91603703931
1535,141273.0143095585
1536,106783.12252018705
1537,54851.36006748105
1538,141395.99680258473
1539,194823.8320869193
1540,96060.20043360857
1541,139911.44587721638
1542,138831.6127751719
1543,172706.8164837914
1544,86217.70372021478
1545,114092.3548800835
1546,136733.2710646831
1547,128148.8961914246
1548,137915.9886833622
1549,121444.61193651323
1550,136422.02841374296
1551,109692.35557790125
1552,145095.8332433761
1553,150150.35828106428
1554,116857.63400277693
1555,158289.28183938848
1556,84957.9196106919
1557,111353.05004521519
1558,104441.0201656448
1559,62067.26444573526
1560,137174.325967692
1561,123311.40125903403
1562,128277.71347313038
1563,120720.7671643437
1564,160803.1130484425
1565,152231.7459677841
1566,232403.41293068338
1567,80340.13444557357
1568,242634.75834506034
1569,125031.80412939252
1570,135063.02956897762
1571,110508.86743205288
1572,139983.16606642856
1573,224545.46618634596
1574,119573.96272417001
1575,241000.03708121265
1576,251362.13706282753
1577,173506.27609425836
1578,157838.39759296103
1579,143339.3145084072
1580,190229.15290838512
1581,156010.21808753727
1582,122689.68198545313
1583,275673.89416560746
1584,218550.2048122863
1585,135956.6288489136
1586,61592.04348889849
1587,105582.90867243515
1588,152031.6102002879
1589,98254.5231972464
1590,127590.71872031353
1591,92737.64401067719
1592,117756.77988030513
1593,131201.88817422808
1594,131634.6446228204
1595,109898.82334853028
1596,216543.43321374667
1597,198792.08986998393
1598,217553.58023371254
1599,167755.44548299926
1600,159406.83476032564
1601,62648.52098114089
1602,117170.38826345952
1603,77566.3995121426
1604,253286.97266648314
1605,233644.14293306138
1606,167275.87302396403
1607,179099.32482538896
1608,212154.09124252156
1609,176342.25553219017
1610,142450.06745883048
1611,133755.7596993085
1612,172695.31852150208
1613,161591.3105345071
1614,131352.67196477504
1615,95674.43860071685
1616,79669.20871676995
1617,92192.02886431532
1618,124886.49540554424
1619,136709.21382499824
1620,139210.10639796237
1621,133186.50508691074
1622,141550.87350632026
1623,259424.13044556446
1624,220078.13960274143
1625,118311.56244846825
1626,167236.46459289666
1627,192576.61104888376
1628,279880.26252972253
1629,173317.77445588482
1630,342156.8514589203
1631,223172.00271732511
1632,241644.54627382767
1633,171129.08153757328
1634,185231.66983935813
1635,173149.09872527944
1636,152386.57477892548
1637,203925.1354026614
1638,175127.7531601781
1639,189234.43465622785
1640,246865.83595786343
1641,178715.81079689343
1642,246876.92215505833
1643,210786.63401027644
1644,235590.52921094178
1645,196147.9887505555
1646,159849.4781385663
1647,159315.55476126526
1648,129833.55702931173
1649,140005.14839736777
1650,111006.77407362625
1651,116214.51092931266
1652,97291.79030100185
1653,99273.57334378964
1654,142920.32568969915
1655,134241.39868246616
1656,139867.41438083904
1657,144704.34289873735
1658,147604.03437568666
1659,112019.24438710079
1660,153121.3529730327
1661,393511.1745494606
1662,389573.43834671186
1663,367279.0203424766
1664,461737.57608478225
1665,301871.3197699927
1666,331749.5342188831
1667,390184.59801635373
1668,350300.8467907981
1669,314771.25199802034
1670,343836.29747868946
1671,264563.6652104915
1672,407324.0847598499
1673,281082.62502554624
1674,233635.78856946505
1675,201012.0855209467
1676,200449.8896537462
1677,216917.7507876254
1678,432077.4542074486
1679,404820.0857920941
1680,322458.17219856585
1681,244954.0645311483
1682,321256.3593790924
1683,188590.68410875538
1684,170040.66230957015
1685,175781.7600116448
1686,167934.95636296386
1687,169074.81558352377
1688,189423.59039552993
1689,194629.17566528558
1690,195846.31200531116
1691,187368.52984224565
1692,262683.09362112224
1693,165984.48359177503
1694,181208.34060533132
1695,158653.1465810519
1696,260842.8696266784
1697,163024.1539279863
1698,333561.0999736566
1699,300499.54623411363
1700,260295.55619652927
1701,273587.5915525449
1702,229686.85333793485
1703,231967.3366337642
1704,267396.69925260806
1705,246691.81004705932
1706,343289.0058327717
1707,217868.24309087824
1708,200193.45523330895
1709,249888.00430923817
1710,214879.27586505123
1711,274737.24777373363
1712,250186.15003212943
1713,279990.3289212305
1714,223025.56547660715
1715,209927.21370741198
1716,178433.13004345106
1717,174263.6311690893
1718,134656.30754859946
1719,208156.70560466466
1720,232996.6502199713
1721,159113.095534444
1722,122482.56929613053
1723,150708.1650805244
1724,197211.94063046982
1725,238585.40878241233
1726,190373.411328185
1727,152406.1178924298
1728,171960.5360402264
1729,164745.062949211
1730,154361.7995497366
1731,121041.91317279423
1732,126128.35974439864
1733,115178.40360126267
1734,123941.97912098496
1735,125804.13413558833
1736,105379.4781968469
1737,291787.5946345647
1738,256379.60153083122
1739,239788.56156477967
1740,214187.6978765308
1741,188634.9088914956
1742,173966.2168189226
1743,178058.97288851047
1744,317916.57203055755
1745,216311.95909908312
1746,179757.0592327304
1747,211809.5597311326
1748,215818.1805165193
1749,147245.81508967685
1750,123656.45953291481
1751,253957.9733493348
1752,114633.03786686296
1753,154141.84192532636
1754,189733.3184580104
1755,170321.80214363194
1756,126858.37191752484
1757,120748.10490937973
1758,143777.72002410752
1759,160426.78085364934
1760,164810.9902604152
1761,144469.7193547858
1762,179134.0070251939
1763,196977.67575336617
1764,113124.52590617725
1765,168093.21990364153
1766,196728.13626740416
1767,214647.28945115427
1768,142780.23488483907
1769,170429.3629949398
1770,151607.01575565102
1771,121812.67877980413
1772,136227.33175752228
1773,121219.69892984489
1774,147186.67374672703
1775,142248.10223419717
1776,130837.89454387243
1777,112490.82519120906
1778,139507.06926715278
1779,122633.78594397282
1780,175129.10234957686
1781,132222.0785971379
1782,82762.70972639073
1783,138468.54226466938
1784,105385.98613280818
1785,133970.65906383912
1786,136337.07020348695
1787,167331.33456259375
1788,58671.96633780618
1789,101194.75418744619
1790,82717.77937550993
1791,176486.865071601
1792,160636.16811265572
1793,126693.75526138673
1794,150548.81275875756
1795,134019.56288847534
1796,127789.98436137247
1797,112112.87798689005
1798,121836.38240796738
1799,111039.47202024798
1800,132488.60363461918
1801,122452.47980260711
1802,129989.05055362653
1803,147978.2790548486
1804,139175.48433923136
1805,135027.0281399507
1806,119985.55141392638
1807,135711.69270162802
1808,123777.39999281369
1809,124940.99402369386
1810,136356.3076909742
1811,93948.87914543384
1812,102117.58603357649
1813,120586.81860826483
1814,100481.76174872681
1815,50430.45854503428
1816,104464.5694112083
1817,113348.58396826155
1818,157236.0709258207
1819,127605.85083136326
1820,54503.1066164718
1821,120685.77026039314
1822,154212.12191944337
1823,44107.64908854468
1824,132864.36405030073
1825,134486.35196264
1826,105136.4543331623
1827,100689.89853871439
1828,130545.87555401922
1829,122129.4493353728
1830,142803.73524212145
1831,135353.67545267328
1832,68305.53657776718
1833,142068.17097782457
1834,111819.7984981228
1835,109284.69357321606
1836,125557.33426550076
1837,89847.59223459092
1838,122204.14420191238
1839,101378.92573626786
1840,134420.96406758094
1841,129655.76405076958
1842,91111.53283775094
1843,128108.1755412872
1844,143911.2064297507
1845,141683.68890177837
1846,160336.10270767007
1847,172311.90278333912
1848,48122.91957565286
1849,113719.78084579999
1850,115253.79554095864
1851,152447.57213207378
1852,124649.59410583918
1853,120301.12528498576
1854,161010.22882358014
1855,148056.51791928397
1856,225281.19086105502
1857,152429.66145733342
1858,138967.09497647732
1859,117110.3983880317
1860,143781.2193021203
1861,116273.1892844253
1862,300326.27424730005
1863,276882.7182240396
1864,276958.6112118583
1865,331620.3060365835
1866,319022.7552985154
1867,214334.92069214242
1868,276694.79691137816
1869,198524.5316652341
1870,214269.8625113027
1871,252601.77554400844
1872,174681.49335091625
1873,240294.5818514087
1874,149935.69184948446
1875,195474.4945037306
1876,198208.61668000594
1877,210053.08006703132
1878,205947.4162237517
1879,126318.73742984288
1880,126355.23543979744
1881,239994.82155760593
1882,236194.53318376216
1883,184177.197363975
1884,202297.0139067816
1885,234702.38802599805
1886,282300.5544297418
1887,217383.77171409203
1888,255270.6896221316
1889,169968.64990998962
1890,113394.432648306
1891,124938.39175051122
1892,93400.9043602182
1893,129808.23020398406
1894,124494.69048207867
1895,131447.70492471443
1896,126933.38531418575
1897,119535.01973310734
1898,108698.16062743764
1899,167579.91013125394
1900,150711.19452798195
1901,174948.16769911046
1902,160421.7825167376
1903,211932.55477250545
1904,139850.943329157
1905,200484.5223404517
1906,141790.53717775125
1907,206877.90515041872
1908,106649.72754178675
1909,134385.08167398316
1910,121267.7300138065
1911,215340.55466958223
1912,320053.74598969
1913,140123.6509367882
1914,55957.75691710864
1915,296909.2718411811
1916,68138.03288208527
1917,230960.36696348805
1918,137628.3977415812
1919,178549.30790215285
1920,152769.23552849292
1921,349589.5614418995
1922,299909.32785596175
1923,235291.76930567253
1924,222330.4581724944
1925,191824.586520073
1926,348650.20183173084
1927,132492.0205085679
1928,158516.45099805383
1929,124857.14030876811
1930,123093.90538422941
1931,137648.22211961044
1932,134899.42295312637
1933,191478.48694668675
1934,178027.47899377366
1935,168102.02572921236
1936,197283.39547382583
1937,179610.09791820758
1938,170617.9126158158
1939,245162.51645466514
1940,194238.5456940422
1941,164844.07922451172
1942,181115.18421518058
1943,215642.06037184002
1944,374545.7354974274
1945,398219.5493068862
1946,123864.2609969113
1947,258501.96705056753
1948,176961.64896246628
1949,257570.31968158195
1950,187422.3845009386
1951,246530.65769826516
1952,210797.14588041155
1953,170343.68247358032
1954,176995.368041827
1955,136149.50129239896
1956,296955.01318020467
1957,152671.1380145073
1958,278539.0350803725
1959,146280.01595534055
1960,112572.00645407532
1961,115738.57254246018
1962,96887.46867839721
1963,105539.35487112564
1964,104983.5021524626
1965,138709.93582898355
1966,134198.3941396434
1967,291892.8203101639
1968,420396.4439736329
1969,379127.77654973435
1970,399307.3584883646
1971,430608.62729731895
1972,364597.6172340114
1973,265075.13982270646
1974,342398.1271136831
1975,481115.5558917021
1976,271080.0481452635
1977,347915.1543429564
1978,347867.6627212454
1979,307237.7317896545
1980,202542.88089463834
1981,325820.16645912034
1982,211061.5072066866
1983,197263.73262375392
1984,170738.59452266782
1985,223723.02149325344
1986,201272.5049394085
1987,181502.76070753476
1988,172047.31006679693
1989,192511.73064605286
1990,205541.5892265175
1991,229472.4871139522
1992,213342.9545644396
1993,164787.76631470813
1994,225627.70010185282
1995,178174.8516866631
1996,244586.54169177974
1997,317991.17593827355
1998,308326.3726771381
1999,284757.68530677
2000,315542.9761880021
2001,284377.5734216486
2002,234666.89637406523
2003,244078.25974886547
2004,277852.38728920656
2005,227157.89514610847
2006,219062.37271777942
2007,246814.6398479656
2008,210805.5695489536
2009,196565.7140524781
2010,190046.76028380962
2011,136303.86067658223
2012,169410.4187974864
2013,180269.89276890707
2014,187655.56606950375
2015,211018.3797197783
2016,189766.46814606045
2017,192336.11447620767
2018,115412.74881697491
2019,127150.20661741747
2020,99972.68633299865
2021,98710.35065919877
2022,179539.0044085818
2023,140298.4752414473
2024,278764.5593311548
2025,338630.3365107066
2026,173162.12865648113
2027,159058.30357047945
2028,148499.72503311792
2029,162989.75784627185
2030,264289.90480568574
2031,233079.27122797715
2032,262191.9903670763
2033,254996.48936360393
2034,179246.29949696813
2035,216312.46336288474
2036,199532.8874986631
2037,211702.8268486971
2038,320414.74927343504
2039,225643.56087516292
2040,260125.8813918741
2041,302187.76744588447
2042,208094.5412852947
2043,180837.42733155156
2044,180620.06094427736
2045,209255.1639114776
2046,153601.1778247946
2047,143406.333700436
2048,137898.08115345336
2049,146355.5519845086
2050,175197.0631356282
2051,103167.55556494385
2052,121648.3214394247
2053,146304.98863262817
2054,88356.29314067765
2055,161659.85589771604
2056,141390.07765887422
2057,113145.15312332884
2058,214870.86922512017
2059,129718.50541797887
2060,170803.15408300675
2061,173019.5761913932
2062,127453.64102773114
2063,119079.03311586939
2064,139179.7734514469
2065,120389.15603974213
2066,163703.18400095828
2067,115124.89299991676
2068,150687.36638744432
2069,82892.54838538554
2070,117877.31977993234
2071,95016.90660954364
2072,131651.13466391398
2073,129761.90877813016
2074,179317.85605426837
2075,148204.51835134992
2076,116234.64690149245
2077,155975.9965724663
2078,121891.63405287146
2079,136692.39923122746
2080,114438.65865209106
2081,126903.58888130721
2082,114936.83034556973
2083,149770.2342690864
2084,106828.12474186296
2085,111269.41764374182
2086,91444.39828224786
2087,115279.09965923875
2088,94813.72436645786
2089,81037.61949883853
2090,118008.0755808464
2091,103284.75005711637
2092,116570.01928356547
2093,115362.0964998816
2094,111205.19497867578
2095,143778.7503778811
2096,83026.18156343195
2097,101665.6180753049
2098,150510.49617603575
2099,47431.35609086917
2100,63201.83230932034
2101,109482.69463443912
2102,124734.32053382351
2103,104259.93892304641
2104,141532.36438416538
2105,132439.93019425543
2106,58784.17759875491
2107,184005.93667818917
2108,113569.62781058476
2109,103720.03651416222
2110,124277.98585625888
2111,128452.49816563222
2112,135397.54344751488
2113,115970.09725815743
2114,120601.29675291471
2115,164069.90826264044
2116,115246.20521495039
2117,141776.67526630324
2118,125850.9414873949
2119,112174.09385022921
2120,106561.85614779711
2121,88478.32953211795
2122,120336.7244989104
2123,78030.55785649912
2124,153367.00471570555
2125,124907.65962879959
2126,151868.87202381523
2127,165304.50247728502
2128,130277.1129908563
2129,92365.68877523844
2130,129289.14608299296
2131,130064.29567845084
2132,109880.09100319771
2133,127055.38017439038
2134,123112.2052367535
2135,94073.14432278658
2136,77819.02131416628
2137,103904.36421039634
2138,133033.99453899104
2139,146808.5061433849
2140,136392.23429498982
2141,165233.64830654848
2142,126674.36184695712
2143,145832.9729480463
2144,133213.27982333998
2145,137054.8000540254
2146,171988.05909330794
2147,141884.19608232108
2148,133641.42158376848
2149,154054.67435112206
2150,226498.36184590793
2151,114740.02445918816
2152,176914.59839547856
2153,161325.70478242906
2154,99663.57026017734
2155,136130.2500546381
2156,252953.2460366147
2157,227441.22867466926
2158,242648.8544859252
2159,215580.6829189119
2160,180817.26875580676
2161,224301.56671708418
2162,342976.5835339615
2163,319227.1641630967
2164,249734.13780542256
2165,199111.81813275663
2166,157117.16819594195
2167,218853.58519089653
2168,187368.27541144722
2169,195660.93126586048
2170,211974.1548398827
2171,156934.2142800384
2172,130926.23173495593
2173,163557.7698407969
2174,216925.89022956393
2175,278623.66520621034
2176,308036.4916007804
2177,230817.04052418924
2178,207572.14179925577
2179,133851.9651145462
2180,203063.967448669
2181,191631.29498823493
2182,217885.1828816093
2183,186957.50674685006
2184,113904.44275324815
2185,123377.47883190552
2186,139176.82079587833
2187,146326.03291501856
2188,145863.01915009198
2189,285114.9389609282
2190,77873.75024157608
2191,78074.42348043232
2192,84453.35149605795
2193,110426.72467759547
2194,96842.06377047117
2195,101052.78193132374
2196,98483.96080985939
2197,117117.88038452642
2198,162796.43586708643
2199,182344.66572805648
2200,146402.90469277443
2201,150391.12761335165
2202,215132.0091372948
2203,138833.57216132586
2204,178605.8919186727
2205,120624.842071978
2206,140331.93014099085
2207,206694.79005583568
2208,258387.8885423235
2209,248374.64573827496
2210,119308.64817475967
2211,112154.84476073633
2212,118453.47707453981
2213,106633.52386722216
2214,136469.2361803493
2215,96214.16643814607
2216,144626.90679656205
2217,56516.83396284004
2218,71066.48557832115
2219,63756.36580255435
2220,63949.60826843577
2221,296318.519565103
2222,279866.82500906405
2223,279652.5714591155
2224,202838.0241732848
2225,122944.05484034272
2226,176055.65096112856
2227,194126.88671197617
2228,259344.9912586064
2229,244902.40287027447
2230,142729.70468762028
2231,205122.77025225406
2232,171480.50281811992
2233,184916.37842792936
2234,241460.4013722422
2235,228202.1000009739
2236,246927.58781677534
2237,297588.0384380641
2238,189684.0140395689
2239,102052.35091279926
2240,152826.1177886046
2241,160677.62874937637
2242,122303.37955908879
2243,127965.75845166128
2244,102517.21522393607
2245,102405.32005841073
2246,142360.41851493693
2247,112478.53541639748
2248,117865.9605758851
2249,111491.30562693287
2250,121685.41597149179
2251,101662.04985691067
2252,179099.90496249875
2253,147751.29083704183
2254,172969.5872570482
2255,177910.1866703451
2256,170221.38129486388
2257,204613.1343883191
2258,153012.49033961413
2259,168978.54178073542
2260,157762.84679652363
2261,191767.00641703448
2262,209931.36775530715
2263,381512.3510222829
2264,458590.70618815976
2265,170163.16846822828
2266,303096.36565061356
2267,362877.58318843687
2268,406532.34183584835
2269,145832.08979727
2270,197939.99853142092
2271,209782.75456054503
2272,192228.39315007694
2273,160819.84333192275
2274,181238.5903431462
2275,149044.6017699707
2276,193006.61901361917
2277,177871.15368614756
2278,141145.35944233424
2279,125433.34107268216
2280,113167.46713228224
2281,162668.12823052812
2282,181075.16345851912
2283,107576.97722935851
2284,117505.25195871422
2285,135002.98800436495
2286,120296.5547985596
2287,369081.46295362606
2288,268690.7668787476
2289,358340.6628492622
2290,429932.3697224258
2291,337969.6269001264
2292,430230.3189195951
2293,457199.9661723023
2294,390928.7251614177
2295,456531.1725429325
2296,270435.70574900927
2297,354745.4792715929
2298,342348.1953016126
2299,341854.7922935076
2300,333541.4924176606
2301,323179.2253038792
2302,251503.67898153033
2303,245028.29606738186
2304,244025.81928364353
2305,202545.37678881892
2306,195119.24697254717
2307,202107.2050769297
2308,228844.93277199083
2309,278411.566043678
2310,205554.29368363167
2311,200721.9933482292
2312,164929.64891775546
2313,167123.97047170764
2314,165862.74276566377
2315,179096.4978385174
2316,195747.10408122826
2317,187864.78557757003
2318,180043.11837954802
2319,180128.68907303773
2320,180428.72466579088
2321,228800.235848586
2322,180315.1301026742
2323,194379.5078000728
2324,178415.28927545378
2325,215312.79214259147
2326,173261.46685457425
2327,197746.15654562673
2328,221257.56380971288
2329,188328.37317860348
2330,177168.24508231794
2331,330781.1941084774
2332,387497.6788297267
2333,316382.51218460145
2334,259027.66459536465
2335,292474.988201481
2336,300620.2344564558
2337,194286.18767772205
2338,250867.78602403728
2339,217778.77304886683
2340,373272.2495829043
2341,209771.93869503375
2342,235121.45916963866
2343,230557.53188869427
2344,216494.07961551947
2345,224535.33841906258
2346,210529.71517963643
2347,197223.88628609688
2348,243184.61598480766
2349,178324.3558713654
2350,317432.3448427244
2351,252164.99894296893
2352,250231.22855566212
2353,237072.91095481016
2354,134241.75727807893
2355,141928.83707953183
2356,147377.5298578534
2357,182025.03680142644
2358,201411.44256163004
2359,128069.70023692581
2360,109777.3834619933
2361,145134.12500418903
2362,248566.71162978618
2363,139976.29132997993
2364,151498.90304894
2365,210598.47755672704
2366,187093.80058952208
2367,218221.6553180183
2368,218369.00220572704
2369,215930.84202895444
2370,162474.15976654057
2371,167929.04342808714
2372,191419.4340338759
2373,277667.8564823602
2374,313882.12060413486
2375,237810.79003694464
2376,282709.5817138965
2377,323381.61351210653
2378,147413.86772433028
2379,197441.90020524143
2380,152673.10464768758
2381,176191.1364714965
2382,201410.8404046686
2383,202423.21372289315
2384,241004.1504243911
2385,160853.73437518015
2386,132450.01882015017
2387,130689.12443091384
2388,103549.57071267515
2389,115345.8978859291
2390,148156.67306985878
2391,147999.10951398622
2392,110535.23512877572
2393,170382.97598694958
2394,143532.47863285383
2395,205850.92789110696
2396,138044.63182759777
2397,222505.02006403895
2398,129202.77195681645
2399,67181.74878399585
2400,62492.66343653309
2401,113802.11740796182
2402,139897.6230703068
2403,144933.86202745073
2404,157481.30917647987
2405,157601.7821663605
2406,137836.878691227
2407,128412.85520483994
2408,150892.77001430537
2409,119577.23761049427
2410,161602.99172318177
2411,110277.157049798
2412,157896.39653856325
2413,129805.36368962804
2414,156125.00415882678
2415,135319.24623207425
2416,126551.18981844153
2417,131166.9781195306
2418,127654.78658282505
2419,126485.97490161408
2420,119448.61588790228
2421,144539.63388402847
2422,100842.69754564276
2423,120931.78994011939
2424,152210.42550711814
2425,178178.40422424494
2426,130318.89191395523
2427,136667.1836852148
2428,170424.14469605088
2429,107877.82217065194
2430,129204.09314704899
2431,106915.22527727614
2432,144490.49907644538
2433,144466.79187364652
2434,136642.08647071966
2435,150189.0985836847
2436,100827.77948728984
2437,97230.23885860981
2438,119044.08244999117
2439,98833.81767691617
2440,123025.34992178335
2441,95194.57771805041
2442,94294.6334387459
2443,128409.65157177165
2444,131980.22077164426
2445,93685.05471048434
2446,142547.55199315134
2447,176047.44720174876
2448,122883.58470535395
2449,114108.65510427878
2450,158831.89641293965
2451,116342.66748063239
2452,193704.817882877
2453,89795.14142721008
2454,115607.4749818814
2455,110949.96066429117
2456,136835.81311405235
2457,131725.31330648353
2458,134967.6287277087
2459,109129.25477216924
2460,140933.440488471
2461,124354.62706081007
2462,128511.12833193195
2463,127819.20925316511
2464,170281.397841047
2465,144142.96159680013
2466,123153.0539581662
2467,120854.34599115165
2468,87173.14721452857
2469,86346.16089138284
2470,185247.37923482858
2471,202073.36307834685
2472,164391.04704555785
2473,110720.93561923887
2474,69507.10979039481
2475,199889.74008834886
2476,113659.33954860715
2477,126890.2912568025
2478,153344.29705687467
2479,100556.30460386229
2480,147364.37186351654
2481,118147.94610443081
2482,119227.01748454115
2483,106822.00838093403
2484,116991.99129708714
2485,120087.00008939896
2486,138253.18527947617
2487,163324.55426282843
2488,156809.44984768424
2489,155047.54144868974
2490,131380.51307551962
2491,93889.40051842114
2492,194048.56127614004
2493,149586.74876386652
2494,145448.44882638392
2495,84468.81639690738
2496,230177.77586848012
2497,154306.35043959584
2498,106468.2184999853
2499,79462.3815668143
2500,110768.38135555877
2501,138744.13941247662
2502,136288.10449357025
2503,97244.92380678834
2504,155445.42053113927
2505,228419.89355496777
2506,238176.73772492533
2507,267027.55780950363
2508,237797.85635189572
2509,213619.1851987171
2510,208617.88565694357
2511,168443.9144498275
2512,204092.90295555405
2513,229324.44853833778
2514,250225.51179463684
2515,142961.9304905784
2516,173660.8348667253
2517,144342.24779779397
2518,152533.07286281514
2519,238960.28099179023
2520,215968.16860937033
2521,182682.94961683013
2522,222888.1448137173
2523,114066.80396130001
2524,138367.47609581667
2525,145018.01763973152
2526,137895.798269317
2527,114362.41840423108
2528,126978.87632223286
2529,138530.84266641334
2530,118179.35408763067
2531,251787.71913318642
2532,218572.90737686542
2533,189810.7105615228
2534,229007.53810149612
2535,282705.53078677936
2536,225267.63929468146
2537,243275.72518479728
2538,176347.16527076907
2539,183779.40179258687
2540,178977.50675519733
2541,171905.13099274266
2542,162483.4786293637
2543,117293.85402458512
2544,115636.46114465871
2545,139064.01781496505
2546,119775.20758440535
2547,128167.49566538287
2548,152812.8239274339
2549,143916.3634179829
2550,608212.0835748815
2551,130429.50482225079
2552,123381.56618866311
2553,73913.93334682152
2554,91450.18968705725
2555,104066.28556701759
2556,94322.24459618372
2557,102394.47395578047
2558,144041.9728301497
2559,151872.84604644653
2560,145176.3406529674
2561,139823.37665866534
2562,144278.6305112694
2563,142421.07590542524
2564,201381.35244706637
2565,141312.8257841835
2566,155360.79683903523
2567,146662.4987930197
2568,198126.41655714758
2569,232371.00517786448
2570,114632.5282571116
2571,186733.13487989662
2572,137639.04468659344
2573,215445.81512308068
2574,274871.46880763175
2575,128995.12522175034
2576,116968.81409300763
2577,126998.58807850088
2578,81085.52804493082
2579,56260.904146430905
2580,83982.39090122994
2581,90775.6621746272
2582,100429.26421474217
2583,264420.33230596076
2584,175797.7189085857
2585,189219.15306747236
2586,224583.89873770866
2587,192382.18360633697
2588,131433.33936955777
2589,148498.22249736165
2590,197057.6592200126
2591,224365.5257335521
2592,210508.64977568347
2593,249126.88203357666
2594,175909.12862675398
2595,202994.21007133354
2596,273648.1089377169
2597,189160.9919667992
2598,276722.42351169273
2599,317445.32798571413
2600,147880.26245194816
2601,137245.7916740231
2602,83264.43489871547
2603,95448.12307005201
2604,90024.36366852606
2605,79754.52230639923
2606,148595.14644301988
2607,203161.9265958617
2608,188261.92545272253
2609,172602.1077779238
2610,108931.49063387126
2611,117536.73239994375
2612,160719.42281958574
2613,122645.22478435759
2614,115728.07263668303
2615,154034.45551469878
2616,143679.5609052036
2617,182170.92714274322
2618,210136.1605796761
2619,194671.5981426475
2620,181985.94970566544
2621,166519.55216370372
2622,172030.44837468932
2623,229153.42927387977
2624,298122.5272314807
2625,285452.4417784699
2626,168429.1172557268
2627,158327.53138135636
2628,469893.6650400681
2629,479979.4951819737
2630,376530.5700646825
2631,451936.9492431928
2632,404433.47422996076
2633,298136.86680573784
2634,422996.6026634708
2635,157909.02269992488
2636,165197.4855273761
2637,182109.443127862
2638,252628.0075293032
2639,179865.28024336524
2640,147187.63673379252
2641,98335.36585022278
2642,183191.05071342568
2643,102525.12373560293
2644,115037.89107427173
2645,108329.39739078008
2646,93151.83299017968
2647,103304.97825773314
2648,137634.5887526684
2649,147604.4583680467
2650,123319.90380100101
2651,137051.9446505321
2652,383524.21534894843
2653,245924.54532284927
2654,258377.75216343213
2655,397846.8438766091
2656,317056.864644383
2657,347783.5463124293
2658,311148.5863259075
2659,304917.2415094716
2660,367556.23836130777
2661,343308.12552467646
2662,360087.99211936694
2663,280539.5190140817
2664,269035.679111232
2665,320555.5724776575
2666,269759.53872681834
2667,165591.07068528252
2668,170391.37523511497
2669,183610.84337992582
2670,263694.0435690835
2671,182767.61094596877
2672,190491.60692769702
2673,195160.85738374735
2674,188589.92868184313
2675,169126.54728149407
2676,190333.39561267683
2677,192230.8755226457
2678,235637.4279627442
2679,271033.0593047789
2680,281549.2969493151
2681,393091.438607318
2682,305948.67646425194
2683,483344.94456544094
2684,313082.3155760838
2685,314154.84479601425
2686,230600.82266675908
2687,295836.6275098473
2688,210033.82936802864
2689,204446.93492573913
2690,387097.3147805236
2691,187822.44472049616
2692,137478.38199186904
2693,198555.95294679463
2694,133447.20153392752
2695,186200.8808743363
2696,177376.72362849966
2697,178970.0622589326
2698,193503.65948183078
2699,169244.7270132831
2700,151977.13748790152
2701,148174.27817321423
2702,109077.09904545487
2703,126970.33650240795
2704,133323.74862858118
2705,110387.77549050981
2706,106427.1136668846
2707,121642.86567201938
2708,130139.49056940513
2709,100575.86460816445
2710,125274.71474371021
2711,239393.64402235477
2712,366329.6690429458
2713,164901.47876848522
2714,147961.95614621814
2715,168054.8914345808
2716,142720.54795586763
2717,189879.63864230787
2718,211825.9257351798
2719,152053.04026964857
2720,166910.80696187515
2721,124473.5935500256
2722,158173.31756517076
2723,132803.61898121954
2724,121756.13097478318
2725,125714.73361225222
2726,143817.5128324013
2727,158487.83076512907
2728,189021.2611723256
2729,145600.03411663452
2730,145259.64454773514
2731,135030.7410580029
2732,135990.64398170242
2733,151142.16436308285
2734,137318.88967112318
2735,135725.16180130412
2736,132149.98562053288
2737,115181.67102664294
2738,137080.83086533667
2739,152716.97961327227
2740,132936.25881797375
2741,146450.62547517955
2742,153269.7447285487
2743,160050.6734845769
2744,157604.90887042813
2745,134460.93177907512
2746,134867.9275605035
2747,146325.16661433232
2748,123314.37327617273
2749,125919.66364054458
2750,124566.94544056982
2751,132249.32896432202
2752,193255.64426088243
2753,137609.4192648525
2754,200007.36687582792
2755,142527.21376106984
2756,90852.73715651676
2757,70610.69159654914
2758,87664.2462172858
2759,163423.47310050495
2760,124274.26717715242
2761,137265.39758758643
2762,141257.89906025375
2763,173929.5104043996
2764,149278.51254802657
2765,263782.17461714096
2766,127900.99965831905
2767,84398.50736908522
2768,126494.35407879468
2769,130577.22604524886
2770,129881.96521385649
2771,100171.61063652247
2772,105761.08288214696
2773,170435.1472635754
2774,138600.7340623966
2775,108565.60227209645
2776,143371.9816895341
2777,146902.76246077067
2778,98235.04158927067
2779,129519.79797810446
2780,94848.1471252536
2781,95793.06812931284
2782,95746.79058777718
2783,96974.40041042837
2784,116481.48122395747
2785,143973.03685072585
2786,64240.92643356134
2787,124883.30470535575
2788,76913.08193949187
2789,157596.15478916658
2790,93521.17663193274
2791,107570.9336169127
2792,55404.464328061964
2793,139845.20941372885
2794,100705.80638512006
2795,114727.01046451641
2796,96718.65250372386
2797,188876.47238382374
2798,104672.66338344944
2799,110684.16408210521
2800,70479.99375157162
2801,110073.7618612514
2802,124019.05842880392
2803,165871.5716001174
2804,129006.96476453787
2805,96856.01704308481
2806,84958.81974837472
2807,151353.2050247699
2808,144707.04148677932
2809,128107.82164591517
2810,121170.22536117323
2811,160601.86798056174
2812,164222.92315212154
2813,158239.93437629793
2814,156120.49513331734
2815,94950.44878841251
2816,219266.6463358838
2817,151162.797884596
2818,127651.58739196911
2819,171726.9800485354
2820,137980.34960363284
2821,99121.69516621396
2822,191654.91873215992
2823,291538.443574683
2824,172393.83230867062
2825,138394.0058586293
2826,125160.01880521614
2827,131986.38427839355
2828,214000.2703599968
2829,202406.48859808818
2830,218245.11522537007
2831,168587.98183418586
2832,234293.80001344645
2833,308382.19469825167
2834,217745.6634411601
2835,223046.89626812076
2836,184004.27965287562
2837,153597.0625322005
2838,146238.34371625737
2839,167749.10707220508
2840,197901.79267335523
2841,201142.95203324987
2842,232236.13297797058
2843,148814.8196030432
2844,168161.86454971644
2845,124808.85526171546
2846,204795.73602747792
2847,206800.65859720655
2848,208072.68864616446
2849,191165.80128639218
2850,268520.0723665966
2851,206173.21233544996
2852,229495.8878637432
2853,233433.29159839192
2854,134504.29425760268
2855,195283.83094135672
2856,194905.42876911868
2857,183213.54602916242
2858,202906.42660768173
2859,104086.77557954844
2860,124967.18264945495
2861,121904.01092492157
2862,173883.32561680037
2863,118458.88646048176
2864,231589.45436695984
2865,132020.6668157779
2866,134657.89022716458
2867,101239.19212559242
2868,93299.66264227076
2869,90274.80125185118
2870,116916.67839238941
2871,77714.31297725666
2872,46340.303178081616
2873,92831.19439456666
2874,140009.7112613385
2875,109901.22271450542
2876,153817.29864126144
2877,153925.8497750767
2878,154289.55744430752
2879,135555.91113124054
2880,105015.52374909553
2881,143696.438701106
2882,183390.88091385385
2883,197629.0727171436
2884,193654.11153341798
2885,187615.06068400983
2886,224327.41366713337
2887,98427.81148853498
2888,148618.2343027073
2889,57567.3492603713
2890,81059.83722201578
2891,134686.5208048764
2892,40049.27307498268
2893,67338.66801621724
2894,52456.208178800356
2895,330323.4916960517
2896,269877.1166139137
2897,216458.84529836362
2898,148873.03754885157
2899,204501.96886185382
2900,153338.82128104783
2901,217408.97148230515
2902,183261.7107627579
2903,308289.7864997195
2904,326403.91238307126
2905,76883.6379250353
2906,180762.39818000564
2907,109703.81936247757
2908,123630.72496834843
2909,154277.42790931126
2910,75707.95442149042
2911,79456.18541336358
2912,143379.1200241385
2913,80890.4063412494
2914,78547.2735315856
2915,85299.6289604947
2916,81643.36083609749
2917,167455.54616859637
2918,111315.60254737409
2919,213189.51274214493
