Id,SalePrice
1461,118927.04056607466
1462,152082.3713070829
1463,183982.07723052474
1464,200485.37594812879
1465,191692.85995142747
1466,170396.65040315577
1467,177092.24529973857
1468,158940.86021658347
1469,198693.6539279788
1470,116251.01976872268
1471,191913.0330550037
1472,97414.16933961633
1473,93932.7545815444
1474,144585.19008963465
1475,107370.41117807601
1476,362296.4768715796
1477,239265.81616229922
1478,281348.4695965367
1479,288603.81942852674
1480,477377.87872866326
1481,319133.4686549605
1482,206957.21402508888
1483,181644.3520815829
1484,158515.10018010656
1485,185862.36598223113
1486,195336.94446194186
1487,324038.3553289
1488,231763.89082440245
1489,190294.68384861542
1490,243623.66010844865
1491,195217.1275053799
1492,94045.95885520095
1493,182414.43590145075
1494,281084.23594365054
1495,281294.57931812725
1496,233660.32231491455
1497,178609.89045831232
1498,163878.5170377572
1499,158625.74278854058
1500,154524.45459410697
1501,174540.32639366903
1502,145202.4835053288
1503,287362.90896051604
1504,238187.33184956945
1505,224494.24503737062
1506,192354.27113332975
1507,253356.1920035919
1508,200462.16003642275
1509,159641.75501476167
1510,142278.94358153697
1511,150326.17311837495
1512,177935.85788704705
1513,146606.72757658002
1514,151672.28897005986
1515,197979.25192186504
1516,154446.46046385943
1517,174573.90033641018
1518,132284.5689226165
1519,209449.3100941897
1520,124959.47884641371
1521,130358.97482911285
1522,179843.28102379895
1523,108966.95485900887
1524,123706.17744590955
1525,119005.94098900672
1526,109449.62279185648
1527,103859.94992218223
1528,139056.21801266036
1529,148557.819426666
1530,185909.8520551397
1531,104093.09768219962
1532,98256.72783484186
1533,150147.99043499876
1534,125804.84140017277
1535,152142.98711107156
1536,108752.41725341945
1537,56825.203937864244
1538,142520.12161416322
1539,183384.17778397078
1540,97266.14960510618
1541,137964.99121152645
1542,144526.51238466887
1543,187129.8789778255
1544,87237.01182172773
1545,114224.52773454311
1546,132553.3290905665
1547,127556.68712841095
1548,138418.4400138548
1549,119258.36417663163
1550,131618.81045670543
1551,109289.14886455935
1552,136594.86625852378
1553,148136.40872972872
1554,116428.2150130725
1555,157775.66652148572
1556,83656.22876066215
1557,108139.33989414427
1558,100695.31720040744
1559,58721.66735489323
1560,133655.28851230178
1561,124114.98932290937
1562,128036.2122561766
1563,118094.63278353708
1564,157101.2319239179
1565,148481.39353753
1566,240660.20574760647
1567,76367.78563544831
1568,229878.23658642411
1569,125259.73885138401
1570,134620.00675816933
1571,121722.4466234124
1572,144299.85404286144
1573,241430.86956725037
1574,121921.43626079168
1575,235467.54207308425
1576,248774.36346204774
1577,178393.78174483503
1578,144146.85059835322
1579,144649.77779175766
1580,192938.0451841255
1581,156608.7199833259
1582,120652.19101781234
1583,287159.98455025395
1584,217791.9629972676
1585,135096.67373239715
1586,63301.34900434019
1587,99057.83374004901
1588,154922.24872077117
1589,99270.6634067569
1590,134307.89226823277
1591,91845.39859246972
1592,119515.61714664301
1593,121315.16974913099
1594,129933.55780335174
1595,101786.2789527533
1596,222334.80236437902
1597,194141.94728056365
1598,225020.53613722057
1599,163552.55543080805
1600,153505.35973801647
1601,62862.5061939814
1602,115916.16092456185
1603,73721.74445329825
1604,262189.58292291913
1605,237165.99071961644
1606,166954.56536002012
1607,177923.51600944565
1608,211953.6204700728
1609,180570.08136774704
1610,146092.98635929392
1611,139803.6078715272
1612,175722.83205503045
1613,166577.33481583302
1614,129616.93302477775
1615,95258.49997855624
1616,79173.60931605737
1617,94161.89609722458
1618,122346.32309726428
1619,134482.3685701935
1620,143857.84325887825
1621,139441.34096096634
1622,138186.01940740927
1623,261298.3307561522
1624,217277.27537750965
1625,116984.04476341073
1626,170660.11778713617
1627,193473.4247100831
1628,281190.32964924374
1629,173093.36771936796
1630,351529.60953038075
1631,222005.4776961729
1632,240567.55058808535
1633,167370.98322119738
1634,185825.01523779955
1635,173216.51523118358
1636,151583.88816849908
1637,204969.89494749843
1638,176858.92192756498
1639,191103.75100442374
1640,251760.4971503594
1641,180330.11457918194
1642,244918.83582113433
1643,210831.5955347677
1644,230322.47163987806
1645,198689.15263738082
1646,157709.1728317676
1647,156407.97751559727
1648,131643.6909927487
1649,139422.9977607734
1650,109507.58605773088
1651,121205.03502006768
1652,96959.58465639064
1653,99254.49297751367
1654,142045.7201062304
1655,129555.20719229248
1656,136527.79699315724
1657,143064.49888094584
1658,141611.18149775112
1659,112847.85200372594
1660,152631.4913122345
1661,418841.7545310255
1662,388716.9268416641
1663,369794.6001587402
1664,492766.8809251558
1665,303701.03880263935
1666,326686.00159705494
1667,382372.4471990662
1668,341991.7962766432
1669,300558.8926522327
1670,338225.22557480034
1671,256489.6939651884
1672,401543.235380248
1673,278107.23224431067
1674,231464.43664311638
1675,196998.20067755468
1676,197181.2680519712
1677,217716.40054937985
1678,445043.6331764162
1679,388209.18353584915
1680,325859.82168069424
1681,243941.44598793337
1682,310242.77771288255
1683,184744.56325577904
1684,174327.12689777743
1685,174504.77573454633
1686,166481.39764417222
1687,168502.08488242867
1688,190201.64901220088
1689,194406.11374174265
1690,195494.1806868301
1691,184247.95371309077
1692,259047.51347399325
1693,163869.11533989984
1694,180659.65929158367
1695,158801.88029367788
1696,263127.9150591596
1697,165109.18851141856
1698,334431.140010185
1699,288963.73010873114
1700,251715.2807505822
1701,269512.60531711846
1702,234537.04942844028
1703,230782.8215824844
1704,267698.4780350384
1705,237470.76200129624
1706,426318.8525971774
1707,213320.3046338283
1708,198915.23688700786
1709,254040.72347806965
1710,216698.74298402626
1711,272721.11872350745
1712,249732.64793839748
1713,276150.1017723991
1714,221582.77303639683
1715,206297.74996843445
1716,182967.59815291993
1717,175469.140505767
1718,137688.11488072044
1719,212224.23850237293
1720,233056.52217514536
1721,164425.2450073125
1722,128285.00556986738
1723,155822.58951899334
1724,201353.27180805735
1725,234670.04182985882
1726,188851.14758600184
1727,154704.5594431207
1728,173235.5351352834
1729,163846.89228549434
1730,161147.5532165489
1731,118542.13995390046
1732,122548.39355285847
1733,112575.92244948058
1734,119195.24971906924
1735,126925.65066928143
1736,105051.57929214173
1737,295164.5392146937
1738,249981.90981596036
1739,242314.0491858618
1740,217177.46503456755
1741,190895.24947530692
1742,172349.4063135027
1743,178160.56270407734
1744,323157.28075995395
1745,224145.8879291742
1746,181857.60306891662
1747,211430.78038375944
1748,220980.09027753232
1749,141520.66986139223
1750,124674.36656503635
1751,257312.10840308084
1752,114276.44930152266
1753,156252.45535000318
1754,192586.37617098202
1755,165612.2918689283
1756,122672.89745460157
1757,118058.94047310224
1758,139647.4375559286
1759,157282.72761263663
1760,164812.11331834068
1761,152715.61385360273
1762,177341.21200518444
1763,187913.14486886744
1764,109770.04633128697
1765,175107.77329940945
1766,192251.89354992623
1767,230043.46565721903
1768,139640.45754105918
1769,172111.27542589285
1770,150901.28674136382
1771,123945.78287076973
1772,133215.9216991133
1773,121006.15385031658
1774,145819.69398525212
1775,137338.09471384846
1776,123667.0001611837
1777,106851.04116744046
1778,139722.8376046444
1779,116983.90474085852
1780,180310.40863297932
1781,126922.42922491553
1782,83832.96876632399
1783,142791.2800789408
1784,105373.52499881346
1785,129976.00313448564
1786,131182.3860737322
1787,162763.60531815552
1788,58014.33479592431
1789,99233.95153933523
1790,77839.36156645392
1791,181729.73623020027
1792,165320.24745076528
1793,126929.97306404992
1794,154558.35068339648
1795,134542.39271847229
1796,121923.56581121612
1797,114991.18302295778
1798,120881.85646150619
1799,107405.38491478116
1800,125844.41427384611
1801,125415.19731555058
1802,134485.85403095774
1803,147762.4056827462
1804,137954.4170547427
1805,134108.45867093583
1806,127285.10552421947
1807,134715.59500201276
1808,121489.26686567841
1809,122333.92515525655
1810,135538.92121016933
1811,94265.49117745987
1812,100074.13500795462
1813,123026.90746116996
1814,93836.99432187762
1815,52068.74163000481
1816,100361.15116918588
1817,104841.61962932667
1818,148371.69014686032
1819,125789.00158916498
1820,53417.73131914768
1821,116741.47571197298
1822,149446.69257296756
1823,42511.00356683264
1824,130825.03189782122
1825,135087.7105073382
1826,100234.3669934069
1827,101506.72518161245
1828,134671.08243656743
1829,122511.41625186296
1830,142811.09039454607
1831,140313.57525210344
1832,69350.97559139221
1833,138978.0108030602
1834,116344.30900705211
1835,119371.84486711449
1836,128386.34711891842
1837,87344.57576681698
1838,126419.34679713406
1839,96708.44568436235
1840,140473.3867141953
1841,137987.85189142002
1842,89093.11030005531
1843,126468.41670344016
1844,137144.3951284472
1845,139863.16052087373
1846,156256.34067631693
1847,164235.56472130047
1848,46021.65121147681
1849,113724.18800841468
1850,116495.55246026866
1851,155536.24204198908
1852,122001.15074105354
1853,121754.08642816167
1854,165880.2204406038
1855,144120.70229471414
1856,226796.39232977846
1857,150680.40137297404
1858,141183.3960321811
1859,118095.00389699404
1860,142677.48371412474
1861,117193.14988784706
1862,298037.2688822373
1863,278091.9578927752
1864,278181.5942208638
1865,354562.13496400183
1866,333771.10203207016
1867,217114.06896180232
1868,287915.5878079468
1869,201816.32984628444
1870,216325.82555961522
1871,253870.28979401864
1872,174788.7772061533
1873,237383.64347982785
1874,153314.93286189233
1875,197662.29489209346
1876,201095.76255170224
1877,210647.26273397022
1878,206031.86113621262
1879,126085.82741374515
1880,129856.97233346426
1881,240975.58190125017
1882,241656.3171015484
1883,186443.85533547882
1884,204843.23068427984
1885,240077.70121973116
1886,287869.22397457407
1887,215182.3873235665
1888,260790.07876836852
1889,170127.7844896871
1890,115879.49971810235
1891,131651.0006788729
1892,94114.22527297674
1893,126035.44413397557
1894,124359.70532839249
1895,133570.83011284037
1896,126241.76706142988
1897,114086.6865959244
1898,110702.73326768952
1899,161054.62655591994
1900,150235.11860768902
1901,168258.7631252172
1902,156873.22473141676
1903,208874.3649818816
1904,142851.87719644833
1905,201540.0493807297
1906,163048.70932129264
1907,219231.44585682158
1908,107586.81406726272
1909,129601.46435841812
1910,117922.754767029
1911,217603.37058949788
1912,342819.00799552473
1913,144030.76844631002
1914,59440.36213160446
1915,308053.8704447588
1916,64383.025902185414
1917,238193.9875316401
1918,140075.41432825444
1919,185847.3980573367
1920,163889.99453290267
1921,374861.4389241174
1922,312486.6963415922
1923,234935.98859993592
1924,220466.9276032457
1925,194577.02260432957
1926,374499.836215626
1927,131841.5907001531
1928,157477.73851752083
1929,125174.47658432263
1930,123366.2950576401
1931,142056.91841994642
1932,139592.63585208578
1933,185953.24371867956
1934,182807.3398839042
1935,167890.2424985005
1936,198648.01188619577
1937,183894.17528024336
1938,173321.21398620636
1939,243527.9477829454
1940,187667.7421297824
1941,170018.07887766653
1942,184366.66206490842
1943,210509.16419874722
1944,363789.3192909556
1945,391951.18845892465
1946,131669.91558316318
1947,317295.82833234733
1948,175905.10074142876
1949,254084.61577418918
1950,188344.57903938508
1951,242905.89207944585
1952,207674.26317327158
1953,161953.44882024897
1954,180496.5285758921
1955,136819.58094086696
1956,298556.39010865707
1957,156208.89366429107
1958,287879.790068402
1959,144958.4517836961
1960,115265.48218075398
1961,113741.59120237299
1962,97967.9099620923
1963,107113.02569435949
1964,104428.97670221854
1965,137414.2635467346
1966,132145.2176339078
1967,285269.6885107862
1968,415798.8503608473
1969,378965.3102031218
1970,397826.85969037196
1971,448922.8690211492
1972,365757.16858615604
1973,264577.65640911425
1974,331958.8352116168
1975,537673.8588793941
1976,260911.79726773204
1977,343176.7914362802
1978,346951.2492781344
1979,316021.3476014591
1980,204488.38282533595
1981,336091.8039503379
1982,209219.15017244266
1983,196322.70102640835
1984,171402.62514176863
1985,223606.4376648501
1986,202892.19591804332
1987,184313.75859916297
1988,173901.4122287987
1989,192991.48528486138
1990,206885.748725901
1991,230547.05090986085
1992,217183.92897662296
1993,166207.08460102062
1994,233879.7104116532
1995,181311.55414384705
1996,240866.74877270334
1997,309828.535348709
1998,300482.5601224674
1999,277526.5898930877
2000,306874.5225548282
2001,265856.58028760797
2002,236511.20771438014
2003,248369.66753416546
2004,276331.0092826236
2005,222520.02745527768
2006,216432.43465130957
2007,244323.7020960626
2008,211685.96517823052
2009,196183.59008694938
2010,196304.5861827666
2011,143777.90333734557
2012,169259.645013013
2013,177335.9868592141
2014,187178.5178587926
2015,202964.0718304604
2016,191580.69110390625
2017,191886.15595445302
2018,112759.15195234455
2019,131214.8100289648
2020,106102.33890737931
2021,95808.21591209662
2022,183990.3355175107
2023,142448.87955679264
2024,273903.20040806814
2025,340446.43065655185
2026,172656.79125056445
2027,157430.0820761631
2028,149145.89381111093
2029,165874.94150978175
2030,260016.6942921695
2031,231490.07158808105
2032,251148.50576029057
2033,246906.85871802524
2034,170734.65686612992
2035,220069.4146531564
2036,198488.7825367488
2037,206442.28931080375
2038,323923.9621684686
2039,225077.9030195165
2040,263399.0882588341
2041,305209.5948134255
2042,208097.68645314343
2043,178295.73499903377
2044,182174.1825918246
2045,208345.60349450863
2046,149613.6722567827
2047,146588.48407753924
2048,139109.80494233177
2049,147170.2940579205
2050,172588.9887976858
2051,101613.52474246478
2052,120544.34255904943
2053,147415.2043554934
2054,91538.91774493139
2055,156809.9923915604
2056,140554.74390728681
2057,110519.49244010616
2058,217672.27035962444
2059,127077.66940865885
2060,176929.90632439277
2061,175525.5389696025
2062,125481.16239287684
2063,114363.7180248462
2064,136095.7299540426
2065,118154.00365429003
2066,159906.99238411128
2067,117137.58891097372
2068,149723.50823721703
2069,87533.38228841787
2070,116912.0847880234
2071,95392.12115731309
2072,135265.0646251569
2073,128791.06350080068
2074,182011.71893322555
2075,151157.9222646022
2076,113096.46593824848
2077,151553.5207573863
2078,121115.04849120507
2079,133820.1275907771
2080,116258.31546112611
2081,123947.44917266704
2082,120055.35113860837
2083,147493.4567277012
2084,104777.48717908439
2085,113451.86140714155
2086,108882.72121940681
2087,124726.16531650504
2088,100337.3596736402
2089,76659.31661545223
2090,123317.79018756034
2091,105177.44881382954
2092,121624.02551454258
2093,122516.20864025022
2094,109175.15441309322
2095,144973.06356351115
2096,82573.12506606293
2097,97506.62722990346
2098,147221.8607611064
2099,49975.37556789052
2100,66370.0837050468
2101,112871.36515060447
2102,125808.08028084975
2103,100460.97093460981
2104,142928.04477437076
2105,128012.42886351529
2106,58508.49076025348
2107,181323.17933903163
2108,116536.24345639469
2109,109276.20970447593
2110,132957.57690420112
2111,134982.84681318534
2112,135998.1563151278
2113,119171.69543764659
2114,120725.0603441187
2115,163282.12596226178
2116,117181.15721121084
2117,146963.24865087168
2118,122904.04816435813
2119,114529.44682319873
2120,112825.34918133648
2121,86214.44731722926
2122,115864.94257094245
2123,80592.01851416181
2124,150353.84490010806
2125,126300.12627389363
2126,144595.31563495105
2127,163331.89071811325
2128,126698.20805269695
2129,93679.51805601342
2130,132811.34267802592
2131,137106.61560533298
2132,115593.34866014401
2133,122160.50373115885
2134,120215.4212909073
2135,93278.37790118335
2136,76376.61122947258
2137,106100.45454790375
2138,129677.18278457373
2139,148787.95248096285
2140,138627.54932628153
2141,161584.50666593487
2142,123267.51867708008
2143,145551.86745571234
2144,126244.66451225849
2145,137243.19344613314
2146,175379.86635879136
2147,138133.32477145645
2148,130658.74273341217
2149,149384.17927206366
2150,227873.66865918628
2151,113822.6064167489
2152,185279.00550377942
2153,163665.29666047954
2154,105169.59442455327
2155,145085.17710174553
2156,263347.3295319664
2157,229715.0115269866
2158,236979.85239014143
2159,211751.59424331225
2160,182210.50433332016
2161,231916.72755379713
2162,372010.6187872943
2163,341557.2028845902
2164,242719.5572089916
2165,199838.14747242111
2166,158787.9969894956
2167,217748.28616179767
2168,192438.75151701728
2169,194999.08653300427
2170,214268.91773553682
2171,155846.34932850208
2172,130878.97725074342
2173,164002.39212566402
2174,224957.61754123273
2175,280210.4280791119
2176,305994.8316305157
2177,234745.79843561095
2178,211289.97157352898
2179,134986.1231498945
2180,208096.5138142881
2181,195465.06068333494
2182,225469.35988678332
2183,189124.53750758248
2184,119282.34355544629
2185,127070.44837160347
2186,148200.35762825902
2187,151423.04282419753
2188,154551.93459538225
2189,318041.9776884485
2190,78916.29846792256
2191,80690.37178565667
2192,87162.26488572478
2193,114581.28623240118
2194,101118.42139655577
2195,103399.1432507247
2196,99191.11913970343
2197,119411.28512404297
2198,156067.31113824502
2199,172105.32940871094
2200,149421.49064362093
2201,143764.70772073016
2202,207499.3952864826
2203,128569.91301861286
2204,172701.6815416822
2205,118841.78685764334
2206,139470.9807023864
2207,210895.27527561566
2208,267301.0922410445
2209,250749.98916514099
2210,117402.76863744609
2211,115272.44130940785
2212,119119.87549541505
2213,103471.93461601788
2214,133638.11174463815
2215,97408.41016560957
2216,146332.58359207315
2217,56529.271313590456
2218,71938.00791832624
2219,67904.71488648435
2220,67750.5261967756
2221,309250.8023220042
2222,284966.0556119118
2223,284275.7134427448
2224,206443.7695957054
2225,123104.23802182754
2226,182388.69269100783
2227,189706.9106463363
2228,263077.76307521045
2229,249430.07339275134
2230,145791.3835155199
2231,208148.0345272612
2232,178408.28709654688
2233,182266.4402994064
2234,238379.89597573355
2235,224928.7834614576
2236,252219.14522333545
2237,302214.4341904366
2238,188372.18333509975
2239,112557.10686704624
2240,153964.24782640178
2241,151411.47343104088
2242,122931.89173302068
2243,130302.47873870372
2244,104860.98641378351
2245,101917.25873325877
2246,141133.5765358781
2247,118292.05358646721
2248,119364.45460617842
2249,114467.1518293144
2250,124688.26748143099
2251,97832.56865050885
2252,184643.81324843023
2253,147163.62172954006
2254,175716.51802959075
2255,182829.63808801418
2256,172242.09968011623
2257,206724.89844933417
2258,154659.3594670145
2259,173380.79207942844
2260,159761.1766884606
2261,188142.98700076403
2262,209956.88510556397
2263,377930.23940298136
2264,486866.35850795545
2265,180225.62222300319
2266,302677.6201051368
2267,376779.98599993327
2268,421107.28207251016
2269,150435.3853044615
2270,196566.24513603875
2271,213233.6450759998
2272,190579.85622581607
2273,160537.84135628116
2274,180274.3303215951
2275,158855.95106711218
2276,187642.7012870281
2277,182518.46235381314
2278,146940.54400262845
2279,124264.17677249628
2280,120052.19355596179
2281,166598.41651232392
2282,187519.0045058609
2283,107677.3965722967
2284,114060.30627133408
2285,135540.22279067832
2286,122436.6449761354
2287,373818.37832003675
2288,271628.0023272623
2289,358543.3136739332
2290,457832.20076530037
2291,331550.95283111447
2292,437712.9537836402
2293,476971.93843716866
2294,391167.1326477862
2295,466856.0367499024
2296,282988.990285955
2297,357811.64610924677
2298,340088.4980060408
2299,342986.3101780489
2300,327341.18288940674
2301,312842.92529772804
2302,244685.12932454376
2303,240427.50846345138
2304,244914.27958740233
2305,201589.4463473311
2306,194498.60235960392
2307,199806.166925511
2308,222333.0815630215
2309,281793.1766603111
2310,203466.20147282296
2311,202567.4149103076
2312,174343.57454193512
2313,171351.4700270309
2314,174200.76714861632
2315,182347.34256850884
2316,198358.7916724887
2317,188211.65453217077
2318,183162.24340365655
2319,184405.916959969
2320,185151.19105203194
2321,230738.5497076199
2322,180574.87214013992
2323,193956.55477658278
2324,178645.13550422637
2325,218487.95973999443
2326,171248.93497132947
2327,199929.22078298865
2328,221498.6064888003
2329,193317.1276765413
2330,182336.68572906542
2331,329022.17529838794
2332,383913.09599917213
2333,309463.06875949714
2334,249618.46961237866
2335,280027.25645458454
2336,294273.3606590449
2337,197104.16322363654
2338,254784.79677614773
2339,215927.3490542622
2340,391999.5246209663
2341,213724.34916809012
2342,231057.4407938469
2343,226984.14515659327
2344,216490.58168992418
2345,227653.67191242834
2346,209316.09335120366
2347,196756.73358018984
2348,241981.5978842479
2349,179840.30951754033
2350,318654.5957632819
2351,261699.2297456051
2352,249232.91531009474
2353,239113.65229569588
2354,140986.3575876905
2355,146145.5318526512
2356,153814.07735698659
2357,186912.90264750514
2358,198713.51673802128
2359,132774.1922399573
2360,112055.94657488698
2361,145122.53208900036
2362,270795.5050874627
2363,138243.59967049505
2364,154802.73581243202
2365,214272.77671039113
2366,187117.9585703762
2367,217747.78461550645
2368,214933.77777757868
2369,212744.05395868188
2370,164340.81775731928
2371,165141.26991527696
2372,193221.02240604185
2373,287862.45557984215
2374,318649.16381236067
2375,249432.90067812943
2376,281495.6869564831
2377,340767.5603261371
2378,142599.93429049448
2379,201386.9965945457
2380,150882.58597797406
2381,170872.17743580215
2382,202511.82436309877
2383,205215.211149173
2384,249056.4146082861
2385,157508.75203101328
2386,129779.48937449133
2387,132274.9556739595
2388,103949.18414219937
2389,112379.35690145829
2390,140902.65993580286
2391,141972.34203199227
2392,111740.19663959926
2393,164594.7617850796
2394,141889.47683726114
2395,211125.21340894373
2396,138722.89820639262
2397,227587.42324642919
2398,130211.56660174642
2399,66633.25047698893
2400,63693.99275250279
2401,120528.924701547
2402,136994.93078071447
2403,145149.14161312452
2404,152132.2965803896
2405,157495.497355536
2406,136490.24909899602
2407,125701.16732984941
2408,147526.16523979395
2409,119518.37965421204
2410,167460.10848679394
2411,110617.11862459661
2412,157074.7115818434
2413,127314.42009025774
2414,159780.3635179595
2415,135307.45051074697
2416,124310.3217371854
2417,126491.69417853608
2418,127711.34526176601
2419,125171.1634555898
2420,117892.75510793312
2421,148821.7791587834
2422,105039.22061966988
2423,116265.36940401254
2424,163105.4679457243
2425,191918.8009141792
2426,132682.47335904234
2427,130875.18831128249
2428,173198.33519583492
2429,109071.31978523258
2430,130767.6119504087
2431,102422.25700385236
2432,146181.53854798782
2433,143893.03529386406
2434,137689.1272244295
2435,152476.37156419575
2436,99934.27154989983
2437,99243.95290895068
2438,118632.6130739013
2439,105242.4249489676
2440,123113.80070479726
2441,95897.65712822808
2442,97350.70611620248
2443,126727.05625346015
2444,132882.38749822223
2445,90334.32849034233
2446,136802.6624204839
2447,176921.30767537895
2448,124253.65726356397
2449,111723.3918058904
2450,153471.65825995256
2451,118218.92787686901
2452,186625.07832340267
2453,91337.43383120764
2454,121294.3836460542
2455,122214.93170170895
2456,136750.45146824716
2457,133634.51685238854
2458,128139.78565959762
2459,109722.26099140575
2460,140374.90845996403
2461,125437.55345768013
2462,135402.57644272532
2463,123464.58049523828
2464,172476.35075945046
2465,144489.64971628913
2466,116757.778871107
2467,127985.54534431861
2468,81703.01202964826
2469,82114.515151473
2470,191493.55131309901
2471,213044.98122954933
2472,165098.302856408
2473,113375.52015445942
2474,67284.92266803521
2475,214603.984085625
2476,113376.16575717497
2477,125195.93269183414
2478,157616.9955010184
2479,100957.58758343781
2480,154396.63517553243
2481,116949.90339608773
2482,125161.4823919263
2483,106569.92638417306
2484,119177.18375535122
2485,120224.33637346688
2486,148099.22010499152
2487,159628.68780475983
2488,159554.566237048
2489,152243.68200760015
2490,138499.1539338618
2491,92047.3540827696
2492,188337.61646615155
2493,149453.18643672118
2494,149749.35073769744
2495,88048.76000026209
2496,228273.7929402916
2497,156348.5348412128
2498,102305.53968053474
2499,84468.45669958499
2500,119116.21558046417
2501,137818.5052324929
2502,150305.3377428737
2503,99121.74857160602
2504,183725.33233062972
2505,224305.14394502185
2506,245774.4497939348
2507,282046.5676400032
2508,247246.50648708
2509,216601.37751415698
2510,214128.98890340456
2511,172532.01973221678
2512,210797.9542277851
2513,227047.53508488578
2514,247913.97674947622
2515,146281.47042880522
2516,175281.72582190362
2517,147874.51225669624
2518,154235.24599174657
2519,236696.47136412453
2520,216384.2603271629
2521,186428.91996052166
2522,224244.3245357701
2523,117475.02592321666
2524,133618.16658305985
2525,146028.78558575717
2526,135702.97441656218
2527,112703.43244670506
2528,122534.5976784347
2529,131993.9757985642
2530,119308.68064354247
2531,259085.88746044907
2532,225363.96502938864
2533,192342.83849521296
2534,228804.9543931686
2535,290451.47183029
2536,230626.181699742
2537,243739.8913806513
2538,181704.51627205088
2539,188252.55524673537
2540,180564.50953692998
2541,177501.82441252956
2542,162951.38303079037
2543,121271.75279363195
2544,120760.95623013456
2545,138480.6975505738
2546,125158.53121422966
2547,138418.43846821398
2548,161698.078214965
2549,155597.05117468428
2550,835756.9914844147
2551,138274.9706071397
2552,129624.98955196091
2553,74545.54792924569
2554,93752.44949087461
2555,114302.06553940686
2556,96201.12525701604
2557,104257.39292299064
2558,140188.58192625825
2559,142955.0602217141
2560,148287.54809808038
2561,140337.81875365603
2562,137440.634801563
2563,147146.09621341366
2564,193684.01140089217
2565,134419.4158912351
2566,156109.6430607174
2567,141313.90333985462
2568,204478.2751146224
2569,232363.94892599314
2570,114408.48181901773
2571,193969.87362040151
2572,146688.98687299175
2573,227745.12017611667
2574,298061.1660965152
2575,127802.52895429518
2576,118573.6312697984
2577,125375.83363442105
2578,83068.3925464657
2579,58914.25535845373
2580,90855.76805783632
2581,97641.14407929758
2582,107376.11073438173
2583,281528.92407785344
2584,182916.95561828077
2585,188379.099001191
2586,229274.581691692
2587,198224.67631735775
2588,135122.8421018734
2589,148440.8256783127
2590,199473.55321558035
2591,225426.88377821265
2592,213568.41749537564
2593,251064.81240700715
2594,177278.17589922505
2595,201871.01315600978
2596,278286.224573976
2597,188673.69901826454
2598,283387.89605347964
2599,338776.14342703583
2600,164841.1508318128
2601,141020.90282808666
2602,83924.7773268322
2603,92428.99936507361
2604,90950.23267144954
2605,82329.95274293856
2606,145575.40189694802
2607,202314.06095101207
2608,198583.08904456417
2609,171744.4556398076
2610,110282.17529694806
2611,123535.08946990737
2612,163540.5378787098
2613,124870.34091121431
2614,119229.61914598705
2615,151189.94262024798
2616,142494.02191869452
2617,184107.97860230453
2618,212856.42281755694
2619,199991.65722279213
2620,185434.14915397143
2621,172038.51429219655
2622,178562.40296273993
2623,233324.61888615479
2624,306032.5809279355
2625,298507.4918221434
2626,171116.23214881643
2627,156935.41626219478
2628,469064.469792707
2629,498496.2248216296
2630,369312.99239165016
2631,481160.1051971884
2632,400266.5512955744
2633,302776.77859227965
2634,435081.23584258556
2635,160324.10345650668
2636,171250.54070312894
2637,184480.5757411484
2638,259727.88311038227
2639,184781.4207277258
2640,148076.98206691124
2641,98686.85245595667
2642,192210.51833728902
2643,102744.8402595344
2644,115542.63157957818
2645,108630.36895894141
2646,93674.93830335748
2647,103355.90076863703
2648,136499.48326997863
2649,150345.92654251461
2650,129003.71866156321
2651,134786.4429514716
2652,398035.74915226316
2653,244557.99821049688
2654,256443.26472607677
2655,396117.30779379065
2656,310573.4511491064
2657,358721.06369977095
2658,311035.2618080489
2659,302288.15752614057
2660,363643.0324195464
2661,352198.63385196216
2662,365033.25807965297
2663,281538.41991189646
2664,272369.5077207081
2665,316913.8314618715
2666,277714.4691344858
2667,171748.24325739048
2668,177587.67354433902
2669,186550.26481901645
2670,270793.88877398975
2671,186793.8132574227
2672,192896.3786681543
2673,195546.67382035358
2674,190589.91674413794
2675,171525.72919004923
2676,192554.91144013396
2677,199611.24887124434
2678,246289.17599092386
2679,263183.09693548304
2680,276064.58739039855
2681,385511.7566111909
2682,302945.63461194094
2683,486848.55729048094
2684,305656.8350438847
2685,313986.94538600603
2686,245648.99854679342
2687,301312.62858799146
2688,212295.97480125123
2689,204766.5393139471
2690,411923.1917499431
2691,189690.2259354633
2692,143159.8915457932
2693,202866.19948491076
2694,142343.97956444358
2695,190683.7842093119
2696,182034.36417938932
2697,185833.52049415614
2698,195049.02159633528
2699,173440.95854946962
2700,154195.60795897362
2701,148673.21526038885
2702,110226.62887027957
2703,129863.70179324357
2704,136849.49186984214
2705,111396.24012007091
2706,108255.0648350831
2707,122957.52715727707
2708,130226.62912443515
2709,104129.92336360615
2710,123212.22371438707
2711,278911.76434450014
2712,373489.93147228326
2713,167871.0746056897
2714,149042.09748009202
2715,170114.06821203578
2716,144382.3392600387
2717,190717.4126542726
2718,212395.3453752715
2719,152748.37153894847
2720,169835.79392512367
2721,126836.46733869993
2722,159788.68330340422
2723,138618.01513122284
2724,124795.4737188373
2725,125940.0552213058
2726,148552.31717833862
2727,169892.1686320625
2728,180878.8668104396
2729,146719.28949701771
2730,146848.90538281805
2731,128726.36742168484
2732,134234.4358909899
2733,157675.51193901023
2734,141777.9565549078
2735,133599.17550811387
2736,133772.99863627274
2737,117440.65675677
2738,139235.9137587817
2739,156128.70297705437
2740,134112.46994377693
2741,143823.4541138343
2742,151855.70727037676
2743,156954.83070786812
2744,159604.6583082369
2745,136674.757552293
2746,135522.65077572886
2747,139357.14519393866
2748,117805.27155002228
2749,126284.90583894879
2750,128317.95871602776
2751,132215.28485186526
2752,196867.60752891135
2753,139093.3127533218
2754,214546.9141742425
2755,136452.78422842463
2756,95848.71047739222
2757,70904.26740343415
2758,88744.37381468255
2759,159891.60803124282
2760,121214.89007973718
2761,138425.26571183908
2762,142302.4131154654
2763,182631.49570477972
2764,147690.14139020932
2765,288400.33713635633
2766,131807.8752998006
2767,82863.51214977658
2768,128703.11653205767
2769,129133.01723707632
2770,135624.45948552838
2771,102811.76414979252
2772,108605.35474346163
2773,164243.0496735706
2774,146339.81839000084
2775,115978.6264401489
2776,141475.4611673221
2777,139646.62556813925
2778,104254.11255869767
2779,123394.79999364496
2780,98484.94401375315
2781,96106.41979057003
2782,95424.98671944438
2783,95259.11902283049
2784,118953.11902249024
2785,136417.2172618166
2786,65371.9301439824
2787,126541.78675015745
2788,73315.84596342419
2789,163288.7536833182
2790,93288.10889862549
2791,107773.97640034938
2792,57391.84147985144
2793,161282.2399272059
2794,95523.01195871088
2795,118954.3759576889
2796,97208.78427254119
2797,209783.61312266777
2798,104267.593433824
2799,114012.6410084184
2800,68183.11318374469
2801,109297.96151855189
2802,128643.41818925116
2803,171548.21374340224
2804,129046.5567858947
2805,99159.93945391478
2806,80564.69871562452
2807,155701.39851286495
2808,143105.0787471166
2809,128489.67465325902
2810,120712.29149601734
2811,157927.75491796137
2812,169003.20542899077
2813,157028.69644671908
2814,158483.92817629484
2815,98789.3976951446
2816,225611.0550215575
2817,148478.05338747246
2818,130058.35173157483
2819,165884.51216315254
2820,135709.78968076548
2821,104782.87029588268
2822,193212.7755730484
2823,324916.76946719305
2824,176810.34814952197
2825,145098.75718111845
2826,132932.4471039791
2827,138471.6316870546
2828,223749.66949279746
2829,210362.16660366423
2830,230199.7184987063
2831,171120.68498688916
2832,246971.58497946255
2833,308827.95461145206
2834,227399.95210610275
2835,227397.708688283
2836,188861.77142309296
2837,156797.11594303427
2838,150051.47738554626
2839,170323.99009500613
2840,199939.85116865896
2841,203342.88212924285
2842,233560.92854810614
2843,148996.9422349734
2844,170093.76092080853
2845,124659.04850961454
2846,207179.200556377
2847,207531.5537998915
2848,217714.7155522039
2849,196288.22318775035
2850,271185.8891507073
2851,217768.35747780255
2852,233283.68679618984
2853,234221.2954756284
2854,135061.2341716335
2855,199568.7350535103
2856,201518.38740842047
2857,187475.2339033862
2858,209221.8573279652
2859,107284.99833729827
2860,125629.20395416253
2861,125756.50483422772
2862,189092.5853624729
2863,128026.98807627555
2864,245521.5690685447
2865,141053.0384602997
2866,147460.16350993942
2867,97998.26717421591
2868,96661.79065031021
2869,96800.48111954058
2870,117329.72742099097
2871,80867.07141643907
2872,48539.70577785773
2873,96514.60705798176
2874,138173.89161194043
2875,115489.25542590678
2876,158142.68483743392
2877,143593.73977860672
2878,158983.66905545548
2879,136993.96458635188
2880,102003.50932564466
2881,143931.10602672948
2882,176828.19237250436
2883,190598.6014140301
2884,195322.6829410512
2885,184486.63089822122
2886,230881.69937384618
2887,99738.55772461799
2888,141405.33035563992
2889,57494.4475251505
2890,79295.66654013694
2891,136469.74720467022
2892,44244.44688796551
2893,73690.19654504224
2894,56241.41524627624
2895,340304.2770916388
2896,281382.4332237236
2897,215230.48227757242
2898,152854.0013025478
2899,206292.8545896194
2900,157511.8700558869
2901,217804.80289717123
2902,187122.2052201167
2903,321606.7739343009
2904,342636.1716859592
2905,78974.36558348121
2906,186119.90270295367
2907,112068.9030511486
2908,125357.89689518003
2909,153958.82908525818
2910,77261.32910762183
2911,81885.45209656726
2912,146087.17754626757
2913,82639.83985259704
2914,80275.89183417671
2915,88554.51801176126
2916,83435.17642022746
2917,170600.21709876793
2918,116605.41018526415
2919,222438.11936322853
