Id,SalePrice
1461,118344.03530168011
1462,156838.96267663827
1463,182180.3941847532
1464,197571.23202015978
1465,199841.1610239323
1466,168574.57058299982
1467,175348.04828895038
1468,157538.33543799465
1469,196184.4881037783
1470,120285.25343013203
1471,184999.56745514553
1472,98044.36463604747
1473,95569.31299522489
1474,146375.78418923233
1475,108948.77741676349
1476,351008.49768073054
1477,240788.79109462313
1478,293628.11034069647
1479,295759.1480324833
1480,474330.0406530834
1481,326547.58806749195
1482,211647.7536314934
1483,181012.54600461188
1484,160499.32918608998
1485,189617.82179660554
1486,195443.6330241408
1487,341749.4525975106
1488,236044.4871041819
1489,190967.8408257531
1490,250459.34157063352
1491,193053.77262399072
1492,95721.79563639627
1493,177784.19192195084
1494,287566.62387475715
1495,289852.4141048931
1496,241540.9503907063
1497,183030.95739718812
1498,172458.11276179863
1499,163924.26097534873
1500,160665.14300450726
1501,174692.73427878364
1502,148045.7378331075
1503,285303.71463998174
1504,244618.50286972497
1505,230736.3162864035
1506,195596.35618193136
1507,248744.3952696123
1508,201546.217477987
1509,161819.33427817133
1510,146691.7819821122
1511,155359.31452006803
1512,180805.030587672
1513,146600.567554925
1514,148603.7008149441
1515,186181.35147783434
1516,152111.10673591605
1517,165211.9724029446
1518,134626.91402523944
1519,204449.3215133941
1520,128910.583940566
1521,132898.7224639685
1522,179486.1885013918
1523,111789.53208578097
1524,127524.93623906538
1525,119180.61385613115
1526,108889.49503795648
1527,107587.4412641163
1528,133429.96635153977
1529,153453.24832253624
1530,182684.78651230762
1531,111136.43706362248
1532,100376.65883665651
1533,147849.56858841493
1534,123911.16270419303
1535,141268.71700463345
1536,106702.9153781006
1537,55027.226692158576
1538,141221.61096736838
1539,195491.18200984286
1540,96157.30122634764
1541,139458.5424401741
1542,138362.58497627167
1543,172422.09561207207
1544,86089.47819293154
1545,114121.23983084287
1546,136428.89330871508
1547,127503.78772001789
1548,137695.54700087706
1549,121530.16539496096
1550,136258.85146772768
1551,109946.91755979972
1552,145044.66946563096
1553,149828.08411606678
1554,117262.54524134919
1555,157821.40027944636
1556,85075.54349737079
1557,110927.23204042077
1558,104630.0829365158
1559,62674.60182070662
1560,137072.37098794675
1561,122971.9367597667
1562,128213.34646406022
1563,120841.92587065331
1564,160590.1287768756
1565,151378.95003006674
1566,231582.72905243785
1567,80304.88968080265
1568,242690.1394593715
1569,124402.18242805076
1570,135339.8308152968
1571,110402.16569988399
1572,139824.72227039415
1573,223865.43916620314
1574,119359.37854008339
1575,239709.6155787309
1576,251908.1498711995
1577,173214.20399478663
1578,157968.59049896794
1579,142229.98737851338
1580,190301.1288575657
1581,155886.7930346146
1582,122634.06059159507
1583,277061.84372075746
1584,219001.5504035293
1585,135836.6232410625
1586,61937.108412579626
1587,105731.80000145707
1588,152063.2924992332
1589,98128.03042618949
1590,127464.47409776741
1591,92508.43852043695
1592,117549.80069405994
1593,131343.68629679256
1594,130712.46278155524
1595,110096.04466792414
1596,215884.9900408454
1597,198417.91825541103
1598,217539.8416515361
1599,167933.75226604298
1600,159233.5523985907
1601,62884.60011354823
1602,117131.94739799303
1603,78114.49935682237
1604,252817.55182856228
1605,234220.2548091002
1606,167360.35313555805
1607,179473.11515336062
1608,211361.36337488372
1609,176328.47057102557
1610,142299.3451818647
1611,133120.28596729905
1612,172350.86295232608
1613,161783.16505104705
1614,131493.59393992127
1615,95717.85908765049
1616,79662.88003030556
1617,92295.1150038488
1618,124961.27787008982
1619,137143.86684903683
1620,140244.6821115756
1621,133026.8924404286
1622,141561.92348836988
1623,259913.08885834913
1624,220100.7252907462
1625,118596.05017893449
1626,167164.19214956372
1627,192551.60352586544
1628,280726.10167236475
1629,173499.3584004878
1630,344007.94383345894
1631,221734.8538766987
1632,240832.59834313372
1633,171398.9348230983
1634,184913.76791530917
1635,172997.19941939393
1636,152458.8058697347
1637,203427.16388561943
1638,175294.4351302995
1639,189899.33551332372
1640,247905.6313032926
1641,179247.2529697772
1642,246003.24126153605
1643,210931.70875871374
1644,235626.09619479426
1645,196878.56845122503
1646,159734.24291484832
1647,159101.35068877513
1648,129809.51216498543
1649,139639.54491213014
1650,111242.48903881475
1651,116225.75448909671
1652,97658.79733262883
1653,99854.15785634496
1654,143451.10536154726
1655,135043.16127662803
1656,140194.43903832443
1657,145032.02678478527
1658,147789.8465783181
1659,112903.99290328566
1660,153154.71351780512
1661,391733.5555609468
1662,390528.48171604064
1663,366711.9307661037
1664,462572.6693071536
1665,301170.1151799077
1666,331077.6443726224
1667,387433.8194008021
1668,348815.81648615503
1669,314321.2187578841
1670,342942.9516988557
1671,264913.2502382251
1672,409508.4806676374
1673,281611.3872582894
1674,234137.55903912874
1675,200705.09782200644
1676,200409.40898575995
1677,216379.7246499685
1678,432878.79704352
1679,404083.211438912
1680,321222.1021112842
1681,243983.44564632184
1682,321000.712846812
1683,188840.48503269942
1684,169829.8896098323
1685,175456.55226226302
1686,168040.01794884927
1687,169208.32543005276
1688,189305.05038125563
1689,194697.66025876856
1690,195916.8279175883
1691,187245.9282037311
1692,262848.16515970294
1693,166085.49404359152
1694,181406.5098160619
1695,159286.91786440412
1696,261170.4626032976
1697,163662.9445995319
1698,333648.69623435475
1699,299283.3502669075
1700,259633.378617004
1701,272762.02907719166
1702,229880.2994188274
1703,232280.78385053205
1704,268400.54497834964
1705,246005.13224068237
1706,349189.69525828667
1707,217261.9537498151
1708,200304.7608734652
1709,250526.49906567202
1710,214740.6307099296
1711,273873.52733053674
1712,250651.1759983958
1713,280501.9317390837
1714,223150.33325211055
1715,209538.41112395047
1716,178627.42473250398
1717,174078.5886727879
1718,134570.12003700814
1719,207712.61948679903
1720,233381.0524054024
1721,159553.07402374397
1722,122438.61143042402
1723,150896.25659972706
1724,197520.41810819806
1725,238938.24689209423
1726,190115.08345714887
1727,152086.25905786367
1728,172230.09431100613
1729,164296.90589780602
1730,154012.72321076976
1731,121087.58214034766
1732,126327.38687657646
1733,115163.20424128509
1734,123774.53167995748
1735,125967.95419283553
1736,105555.01662499737
1737,294017.20464231964
1738,255278.75347310593
1739,242165.29610860458
1740,213461.7379968149
1741,188167.7444576064
1742,173750.13011549722
1743,178138.24267190506
1744,318260.9057288847
1745,215981.69071129046
1746,179854.22402468033
1747,212025.73923048167
1748,216821.39982206622
1749,146995.47113545935
1750,123430.99598605608
1751,254425.50472055783
1752,115016.26769468152
1753,153859.06001403075
1754,189979.999103051
1755,169757.98774237235
1756,127491.5591700194
1757,120747.65192331988
1758,143893.28973531732
1759,160415.31079322813
1760,164610.30651551043
1761,143851.207817486
1762,179104.16800069582
1763,196264.3596398821
1764,112993.94772808904
1765,167810.70427426204
1766,197599.83912082
1767,215128.11396086527
1768,142743.45250703068
1769,170001.58229708928
1770,151678.7673962971
1771,121758.03288101497
1772,135966.29989689984
1773,121006.64332459544
1774,147418.3833437496
1775,142141.2830801232
1776,131170.88856569486
1777,112446.58717003312
1778,139509.30739698748
1779,122496.22190619924
1780,175093.39655932516
1781,131964.3653279089
1782,82979.092840007
1783,138470.32465969623
1784,105507.79124301134
1785,133656.11401461493
1786,136937.4065054235
1787,167968.0996374238
1788,59018.32740329276
1789,101388.73301059657
1790,82877.24860639873
1791,177540.46479065545
1792,160635.70581234474
1793,127060.02349422303
1794,150737.51674427107
1795,133517.37710389032
1796,128405.31052063387
1797,112497.82160407184
1798,121643.6466097713
1799,111344.05355093919
1800,132357.30386056012
1801,122528.16936632128
1802,130322.31076365191
1803,147953.3814918248
1804,138872.02124306577
1805,135214.95922145114
1806,120336.72295001658
1807,136185.69210712073
1808,123735.45158976178
1809,124559.49123832573
1810,136250.31580046628
1811,93585.69823495072
1812,101873.91705765728
1813,120172.20257018338
1814,100329.84242544573
1815,50992.00366136235
1816,104746.07265077608
1817,112909.27301344542
1818,156724.08633964637
1819,127312.98965791693
1820,55289.31540363843
1821,120855.02580947735
1822,154421.87979242794
1823,44676.504364989305
1824,133134.3475294494
1825,134573.9399840251
1826,104934.59999995808
1827,100488.9109673994
1828,130659.34921738402
1829,121933.00905777987
1830,143039.89321633815
1831,135243.19999183435
1832,68927.52330555317
1833,141745.91686169105
1834,111577.5859734296
1835,107716.75742559448
1836,125527.86103437805
1837,89507.84410038663
1838,121681.2931123438
1839,102199.22903440133
1840,133614.39843982316
1841,129458.76226537097
1842,91163.91373856313
1843,127859.3080091736
1844,143598.65533363912
1845,141565.53546567183
1846,160024.2738866045
1847,172226.44809404144
1848,48655.17267339463
1849,113722.19737489928
1850,114838.24051665407
1851,151821.44078470723
1852,124135.52829065651
1853,120187.5704109018
1854,160523.39263056166
1855,147578.8512461595
1856,225242.8787875962
1857,151419.01725689322
1858,138562.53357475367
1859,116906.9370885495
1860,143328.13184810407
1861,116079.32183030568
1862,302019.5341426028
1863,278351.75526237173
1864,278425.43055877846
1865,329889.4249033837
1866,318320.2744325461
1867,215261.6475448439
1868,276528.7455181797
1869,199034.40726215547
1870,214638.75559629558
1871,251666.7757009066
1872,174193.45154004075
1873,239788.59707203892
1874,149974.3075908892
1875,195551.08789860492
1876,198078.37494650745
1877,210518.14466947343
1878,206137.7130001695
1879,126147.29070710475
1880,126555.62139058425
1881,240694.15533502342
1882,236846.3541419648
1883,184130.02446684276
1884,202264.84895963507
1885,234565.97052919483
1886,282398.66083484964
1887,217730.67604482404
1888,257095.2968783736
1889,169515.61473347773
1890,113233.74971279458
1891,124761.53711455525
1892,93471.98259863738
1893,129844.72773748668
1894,124345.49010349096
1895,131266.63438939667
1896,126828.13342779542
1897,118878.12427899953
1898,108717.24466249596
1899,167807.29817440105
1900,151411.0591857553
1901,174339.41273932732
1902,160347.90224076284
1903,212949.293697917
1904,139271.8622727597
1905,200209.16080865572
1906,141423.9169196902
1907,206370.7556381139
1908,107484.92764512752
1909,135021.87660832162
1910,122016.27434947054
1911,214733.09689843145
1912,319261.89460671344
1913,139891.03583016997
1914,56773.66960389669
1915,295107.7971133127
1916,68065.34960362811
1917,231726.8270258707
1918,137563.45674065658
1919,178005.97069124633
1920,152117.9072900326
1921,348598.64033802366
1922,298708.01542236167
1923,235083.62875555764
1924,221626.0333986011
1925,191891.07534613853
1926,347935.4624167849
1927,132325.9948005741
1928,158020.6779394704
1929,124986.66409881707
1930,123345.08939962703
1931,137672.19566574958
1932,134698.77501204098
1933,190907.67892438752
1934,177922.87451114118
1935,167955.58927700686
1936,197073.21801170177
1937,179077.23910606638
1938,170065.62871729993
1939,243559.18157163606
1940,194398.5784682403
1941,164733.32580268438
1942,180534.75755798633
1943,214618.60250575954
1944,371117.02271800145
1945,396253.338921955
1946,123589.43875543373
1947,260408.78113678552
1948,177198.34889092564
1949,257382.7222881378
1950,187257.2250963727
1951,246566.16164228183
1952,211088.3407826008
1953,170621.63300451534
1954,177149.17806863927
1955,135678.28798301925
1956,299090.5276178903
1957,152515.64020372057
1958,280555.6865416123
1959,146655.59123112995
1960,112313.63924053451
1961,115828.02590756972
1962,97535.69607387025
1963,106147.35353468514
1964,105260.0225338978
1965,139287.48558317154
1966,134613.67999574236
1967,291239.85961808445
1968,421302.10890633566
1969,378166.3043037553
1970,399677.03012571484
1971,430953.7306758038
1972,364691.7433040061
1973,264253.8558910488
1974,341888.89572438784
1975,482215.54844011535
1976,271797.1999679665
1977,348677.50786481384
1978,348174.74177608255
1979,306045.03284226736
1980,199332.60622206895
1981,324499.64455238066
1982,211170.79410385655
1983,197018.41676058513
1984,171059.10420742974
1985,224471.48990656828
1986,201848.79570467095
1987,181483.35116694655
1988,171797.71700157307
1989,192548.35049356066
1990,205682.70651122727
1991,229095.26907152444
1992,213265.21131841795
1993,164576.7625366866
1994,226574.17783010917
1995,178364.2995123842
1996,243477.30136030962
1997,316300.96535631065
1998,308279.04890918615
1999,282819.4075212851
2000,315526.74659381976
2001,282870.6218464014
2002,234309.87136833384
2003,244349.80201936513
2004,277668.8117459169
2005,226543.50291712233
2006,218929.75595036836
2007,247336.12645721794
2008,210078.7892845216
2009,196008.5876957
2010,190075.8498493213
2011,136047.8181068757
2012,169415.83191970922
2013,179812.2431712066
2014,187450.63249990065
2015,210367.16422823665
2016,189422.38714630765
2017,192052.79827382328
2018,115473.98504479283
2019,127205.49928487917
2020,99849.90630286562
2021,98598.24046649419
2022,179127.8787700644
2023,139933.06635631606
2024,278024.81016649836
2025,337820.39970793796
2026,172975.1747508339
2027,159065.48870391282
2028,148708.96717283077
2029,163018.72169466154
2030,264159.9489175327
2031,233411.36609371085
2032,262125.65066860217
2033,255757.2361972882
2034,179759.65749908204
2035,216080.33449393706
2036,199946.1197274455
2037,212069.11617470504
2038,320483.97702850465
2039,225110.1999688604
2040,261973.061477855
2041,301965.7336843091
2042,208197.2811712719
2043,181160.72846503984
2044,180962.0978825866
2045,209777.24225663033
2046,153368.18713194327
2047,143155.0837665117
2048,137904.14728877897
2049,146611.38763551073
2050,175272.42973811913
2051,103785.94783400609
2052,121358.34450721517
2053,146081.24658386054
2054,88344.93444176731
2055,161397.8728599255
2056,141647.45559782567
2057,113195.57120911923
2058,214491.63116152756
2059,129529.00608166176
2060,171419.33504929187
2061,173349.94713596508
2062,127454.2142276857
2063,118875.61210779227
2064,139016.05755041054
2065,120195.63954821456
2066,163326.06279830242
2067,115640.50893232708
2068,150783.73646845808
2069,83251.74682292697
2070,118180.4823528171
2071,95406.3001262238
2072,132191.6187833713
2073,129815.36192668445
2074,179228.88898488248
2075,147809.84550516395
2076,116637.7114716095
2077,155762.71057424633
2078,121753.38675981126
2079,136621.91379247283
2080,114393.31582750115
2081,127145.86332704799
2082,114760.91022099381
2083,149533.7750049896
2084,107135.3860312768
2085,111071.75023609982
2086,91674.46612608481
2087,115196.08733612964
2088,94588.62333752302
2089,81285.1531043379
2090,117962.52982703636
2091,102827.34903165707
2092,116332.14287556283
2093,114827.4737282501
2094,111150.8043057339
2095,143195.56336358894
2096,83374.46193994528
2097,101835.99807692786
2098,150220.08029423116
2099,48006.53257611347
2100,63692.04979257219
2101,109247.15091177302
2102,124829.17168279286
2103,104497.76983456066
2104,141480.17256136832
2105,132282.3253225195
2106,58814.694973242
2107,184622.12293064635
2108,113019.16809703688
2109,103590.1918350552
2110,124062.22939442427
2111,128073.22748168191
2112,135070.03994476292
2113,115621.14051732086
2114,120316.66788253072
2115,163628.2426170411
2116,115167.58272159542
2117,141501.9333494525
2118,125707.48497390849
2119,112084.35213282533
2120,106313.76518542484
2121,88356.88527559451
2122,120062.075603931
2123,78198.44109337991
2124,153605.13697350814
2125,124913.34458394209
2126,151692.61071275925
2127,165452.93869185518
2128,130819.20870416361
2129,92296.5705941102
2130,128901.52680976642
2131,129998.64555268582
2132,109738.96847205033
2133,126923.78379895406
2134,122858.44482282494
2135,94265.32243293997
2136,77394.57298450664
2137,103723.457563623
2138,132446.62619121402
2139,146648.40039253465
2140,136395.3987604317
2141,165525.26163566948
2142,126280.32459983525
2143,145421.4176153092
2144,132588.26910831308
2145,136912.03966803558
2146,172076.416287473
2147,140711.5405938146
2148,133586.34634128236
2149,154307.36159231546
2150,225588.7358611695
2151,115069.21256518776
2152,176025.69300101144
2153,161682.7029047519
2154,99628.35508502049
2155,136275.04731945586
2156,252001.73097568375
2157,228008.45707757017
2158,242808.1810065443
2159,215850.0160358777
2160,180548.35713062304
2161,224911.95400383527
2162,343996.7098390195
2163,317052.81945889414
2164,249608.91807588618
2165,198692.53731328697
2166,157194.05267442184
2167,219317.7104929985
2168,186889.9011310033
2169,195465.28291826544
2170,211244.01268445427
2171,157022.0495496092
2172,130433.02178852732
2173,163945.38248878685
2174,217156.2901251157
2175,279887.7499975498
2176,308163.4842362843
2177,231505.23371234373
2178,207373.4097931346
2179,133686.30917685124
2180,203463.46016790066
2181,190946.4842843686
2182,217320.04678802553
2183,186732.64084113925
2184,113808.47177391856
2185,123138.98429836523
2186,139409.8770282743
2187,146105.0412370459
2188,145428.883460183
2189,285848.0894766208
2190,77793.59761681568
2191,78051.9099735661
2192,84037.00566542071
2193,110011.3282229432
2194,96815.5744596851
2195,100566.47444009021
2196,98131.54386316388
2197,117000.17507175196
2198,163191.45453644302
2199,182388.2908042203
2200,145906.29760173516
2201,150338.09849666568
2202,214959.51058749168
2203,138722.8731502728
2204,178093.86053013802
2205,120273.15490325348
2206,139960.8207306398
2207,206464.36452591792
2208,258065.66258598267
2209,248198.05795694754
2210,120012.30576994219
2211,112274.92349774826
2212,118493.1329800594
2213,106392.00073142853
2214,136044.09000044205
2215,96487.09988578325
2216,143770.02209225157
2217,56843.46401836208
2218,71762.81148458604
2219,64551.33754045181
2220,64473.58667744234
2221,294513.0056764015
2222,278185.9332682307
2223,280139.58299486275
2224,203439.40066361753
2225,122512.7873289639
2226,176528.74799315448
2227,194551.25935306406
2228,258813.3035223413
2229,244854.66809397753
2230,142636.44724645576
2231,204518.87951981474
2232,171442.5516590357
2233,184333.6970782517
2234,241329.59720838765
2235,227844.5559444329
2236,247907.7048209658
2237,298783.90322066523
2238,190009.01892496247
2239,101959.11000844151
2240,152727.11489811365
2241,160044.2451003431
2242,122255.85304374745
2243,127812.23407411571
2244,102578.01165039108
2245,102894.88232012546
2246,141814.04423116174
2247,112865.42474309861
2248,118189.63479769598
2249,111794.56537411019
2250,121878.215039365
2251,102373.27015866821
2252,179112.1276184941
2253,148122.39286588714
2254,173144.92321435994
2255,177972.88691449695
2256,170103.02227922028
2257,205077.69082581322
2258,153110.53982124114
2259,168995.54907860627
2260,157287.52446939657
2261,190930.26883268828
2262,209705.19148882525
2263,379382.06907437625
2264,458332.39444424596
2265,169326.2287319708
2266,300934.3467652113
2267,362675.11314100755
2268,404687.93555556773
2269,145308.53097715823
2270,197540.97814741932
2271,210112.7362934051
2272,192273.64164838527
2273,160885.52120248476
2274,181375.91180711155
2275,148548.4227280299
2276,192403.62580718708
2277,177782.75396165167
2278,141371.29498188142
2279,125104.4380659083
2280,113046.67494198629
2281,162548.81912514247
2282,180730.2269094457
2283,107905.99393903578
2284,117544.29986507297
2285,135734.9388414963
2286,120201.39842656668
2287,367183.9422560722
2288,268173.1131605933
2289,359545.32398000144
2290,428578.7156382141
2291,336973.5306871843
2292,429528.7028876833
2293,456191.84927148506
2294,390635.2428554274
2295,456884.7584751442
2296,270418.23370602424
2297,351746.87271199387
2298,340030.93490667583
2299,343255.1979822927
2300,333900.3632428328
2301,321079.7371197092
2302,252098.90107830733
2303,244959.66276695815
2304,243987.56718871245
2305,202348.1914213209
2306,195227.43295481312
2307,201700.92369251486
2308,228760.42277532406
2309,277168.0616720192
2310,205056.29575452532
2311,200926.48024901067
2312,164176.09170041553
2313,166596.4981426
2314,165409.16750605716
2315,178722.17240020816
2316,195278.94938499358
2317,187331.094676074
2318,179183.0898388576
2319,179625.0753648826
2320,180551.3163845467
2321,229710.43715751442
2322,180725.564716202
2323,194169.91509201986
2324,178368.61650139192
2325,215229.67828753084
2326,173486.70320030395
2327,197932.5400975349
2328,221604.28477120306
2329,188206.8202124165
2330,177344.46654815204
2331,329766.6022383833
2332,387261.6260175856
2333,317078.34167309094
2334,258210.09264446996
2335,290894.67136765824
2336,301179.0027702983
2337,194048.52114699496
2338,251255.58764844737
2339,217805.45732762825
2340,372781.3016799239
2341,209595.92419089007
2342,235465.97611049513
2343,230824.82208145998
2344,216964.8244987991
2345,224943.98577253887
2346,210374.47678559637
2347,197210.6151958587
2348,242965.09496000397
2349,177361.14395568083
2350,315477.1539715024
2351,251084.63846034952
2352,250313.37983263313
2353,237403.74017453464
2354,134201.13693523238
2355,141899.50463143128
2356,147341.42232813576
2357,182252.61008216784
2358,200929.14825128362
2359,127741.32842667439
2360,109890.04274816294
2361,145310.44608524343
2362,248880.14133348488
2363,139935.5863106022
2364,152236.5384110957
2365,211351.51325769344
2366,186244.65164784773
2367,217692.74962853553
2368,218192.42911301227
2369,215812.7855451678
2370,162709.72738077634
2371,168154.2036835359
2372,190931.30854805134
2373,276824.51323808363
2374,313166.5699407407
2375,237798.3897437443
2376,283114.4560797161
2377,324170.8105907397
2378,147240.0340652219
2379,198225.3563786141
2380,152303.32122507354
2381,176279.76950830687
2382,201912.11259378705
2383,202990.84304566158
2384,241286.93102469196
2385,160846.89208003605
2386,132497.78620755058
2387,130742.55854890643
2388,103727.25419476804
2389,115423.93525988077
2390,147757.90829810814
2391,148114.27528303047
2392,110535.75046332269
2393,170201.23847242093
2394,143171.46662211465
2395,206032.84680640345
2396,138125.78133968564
2397,223182.798136964
2398,129534.49776582165
2399,67214.41308087565
2400,62633.72661519065
2401,113833.37083553275
2402,139446.97636634044
2403,145213.40020923558
2404,157240.8219181177
2405,157303.53717333887
2406,138592.01999628718
2407,128673.91704026573
2408,150938.039391922
2409,119649.00772393995
2410,161209.67944602144
2411,110234.6590483849
2412,158346.7400716922
2413,129441.27748954008
2414,155400.33858107397
2415,135045.31652921028
2416,126528.56770964604
2417,131157.22069534997
2418,127693.05260990899
2419,126181.6620649283
2420,119179.99833703146
2421,144702.36468713926
2422,100916.16122638718
2423,120569.2976477447
2424,152083.9657712774
2425,179582.53291131402
2426,130153.74038227901
2427,136253.04304579023
2428,170257.2132244626
2429,107643.65109067793
2430,129267.78561047818
2431,107170.52817162877
2432,144196.12447095852
2433,144634.9379958164
2434,136365.36420584322
2435,149750.41669741608
2436,101102.35066306767
2437,97079.66317023017
2438,119145.3460140663
2439,98817.73956754048
2440,123197.619006913
2441,95477.92523045982
2442,94553.2565144689
2443,128058.43878134104
2444,131415.99045497316
2445,93721.50567157846
2446,142342.61167993819
2447,175756.13840599862
2448,122599.87920825747
2449,114347.4346757579
2450,158478.57795418132
2451,116106.5026926203
2452,194339.40211305313
2453,89927.83968450333
2454,115170.11693195043
2455,111033.30507804053
2456,136239.75597493746
2457,131254.84640390155
2458,134441.37487279373
2459,108904.68750099404
2460,140680.38071007383
2461,123938.05267341388
2462,128406.29013665013
2463,127195.05541747365
2464,170295.87860149494
2465,143730.46660109088
2466,122943.44897403667
2467,120604.20513559968
2468,87334.65445744092
2469,86264.95084914973
2470,184784.13111377906
2471,202549.77094267728
2472,164497.82210291855
2473,110358.3019897238
2474,69503.36733657282
2475,199221.42084016933
2476,113419.57139511754
2477,126475.58538242117
2478,152715.32652805914
2479,100481.85519126033
2480,146965.24306215893
2481,118226.65090167707
2482,119108.8723034261
2483,106876.92047339774
2484,116921.52349206152
2485,119853.31288353204
2486,137369.89496394503
2487,163152.2442807125
2488,156969.32812465017
2489,155503.64070219776
2490,130787.43721192032
2491,94171.57882643121
2492,194013.3216078608
2493,149384.82115455117
2494,145542.30883689388
2495,84294.94447956479
2496,230285.46651770236
2497,153916.08395635814
2498,106742.39211107
2499,79538.50771646225
2500,110602.50602035597
2501,138385.13263385047
2502,136421.79990484216
2503,96827.20568084637
2504,155390.1225862298
2505,228038.96941474063
2506,238577.68456488085
2507,267538.15734488046
2508,238268.50333573655
2509,213445.54463800305
2510,208689.8740617904
2511,168740.5081752239
2512,203780.17989453822
2513,229280.2048266545
2514,248108.42655237965
2515,142754.39470042542
2516,173425.31021372398
2517,144170.6644850291
2518,152106.99913960695
2519,238510.9113816176
2520,215904.67347177045
2521,182687.3979274204
2522,222971.6101558287
2523,113865.2468499599
2524,137944.0588577635
2525,144958.59765584936
2526,137587.70347334584
2527,114403.49675322729
2528,126733.88495988204
2529,137908.99614752198
2530,118520.29570181966
2531,252801.34274751326
2532,218747.9035596014
2533,189833.05994574333
2534,228602.50661640218
2535,283908.908333726
2536,222907.49112272647
2537,242986.84591539454
2538,176175.82097542522
2539,183985.51180559024
2540,178782.09499231307
2541,171863.82100179663
2542,161956.58895569312
2543,116488.35805921283
2544,115073.52402848854
2545,138725.32115972877
2546,119402.95189225902
2547,128389.82093340297
2548,152416.61812237208
2549,143700.91814183374
2550,619919.1435372033
2551,130384.49661754406
2552,123310.42437312932
2553,73953.92131006447
2554,91259.17622496685
2555,104336.05942664805
2556,94484.6328476748
2557,102414.19364178168
2558,145035.76377309006
2559,151299.92015748515
2560,145227.14914917032
2561,140103.09949343515
2562,144274.94871357342
2563,142564.4333028048
2564,201804.00687504708
2565,141233.42091326014
2566,154511.00163863774
2567,146533.50385287244
2568,197595.63432714934
2569,231636.11114483656
2570,115188.82451485928
2571,186143.31750616894
2572,137382.9949882112
2573,214494.55148337147
2574,276053.2981783167
2575,128929.50060868528
2576,116857.31710675334
2577,127704.30695335679
2578,81519.7430418677
2579,56851.641865852274
2580,84459.69254281383
2581,91681.07489514594
2582,101711.52993763766
2583,263154.35648087744
2584,175264.3772698706
2585,189007.7269594019
2586,225795.35473706826
2587,193045.94304618525
2588,131380.45464276863
2589,148369.02430074193
2590,197082.0940863476
2591,224842.4739304093
2592,210686.11082507504
2593,248684.9049175831
2594,175789.82898905754
2595,202504.0895445332
2596,274680.67783167656
2597,188712.54225743783
2598,276775.7761518554
2599,316390.4706737239
2600,148334.72504675866
2601,136829.826639795
2602,83262.1928792518
2603,95765.4701443771
2604,90033.58909545012
2605,79823.93249960162
2606,148175.19649294612
2607,203792.2837778646
2608,188973.83599851475
2609,172940.41327504438
2610,108885.32837553996
2611,117261.36812958647
2612,160791.10687610085
2613,122940.98938969114
2614,115820.62951565154
2615,153654.20551094637
2616,143644.16549662658
2617,182296.9534725993
2618,208371.98951818453
2619,194965.04168624338
2620,182140.03485530376
2621,166320.62202029038
2622,172152.00868557012
2623,229603.98645799592
2624,298171.87116131093
2625,284894.6007578615
2626,168714.6619315296
2627,158522.4938357774
2628,468417.0300517778
2629,479104.69903114653
2630,374978.9265693223
2631,450327.5437911537
2632,403291.797233883
2633,296960.5564330007
2634,420522.1536946556
2635,157764.3545525004
2636,165239.91729970629
2637,181362.2004762724
2638,252752.78842583334
2639,179882.10512750383
2640,147299.26116012217
2641,98480.68606972927
2642,182791.21028993503
2643,102803.84211812871
2644,115304.84478885368
2645,108825.3713211943
2646,93613.71284361585
2647,103768.87220206618
2648,138088.06975394214
2649,147933.3859987579
2650,123934.04830103523
2651,137248.77048606737
2652,383757.90436545346
2653,246123.5419288351
2654,257365.21704402872
2655,397306.0181176297
2656,316510.35437635845
2657,346724.8868654927
2658,309735.4020720797
2659,304822.3632566339
2660,366306.7664631468
2661,342792.741965852
2662,358382.6779010577
2663,281095.22971056233
2664,267681.40868283843
2665,320950.7564845618
2666,268901.0599693157
2667,165060.87533253513
2668,170008.8182135676
2669,182988.4723647991
2670,264101.56888497603
2671,182437.53015170572
2672,190670.94268130994
2673,195938.63352071587
2674,189036.10442386154
2675,168886.9727383951
2676,190244.94064274454
2677,192435.95735651263
2678,236201.23763903216
2679,270272.69323365483
2680,280601.43136816047
2681,392915.2445146396
2682,306352.76889279496
2683,485022.9790750753
2684,312230.7711826711
2685,314641.5784103864
2686,230005.58856427597
2687,297064.42711382295
2688,209796.03804305318
2689,204138.42262286492
2690,388563.1356888494
2691,187521.91333095243
2692,136964.16111336343
2693,198223.38212768032
2694,133395.21184683952
2695,186118.83099845878
2696,177228.92474452787
2697,179079.35515141368
2698,193430.9665472293
2699,168893.16516403586
2700,151414.71446461705
2701,148061.5179708543
2702,108986.6955040178
2703,127211.68580607894
2704,133329.19701217336
2705,110262.64417436504
2706,106474.13651929129
2707,121770.63859451773
2708,130061.62584046343
2709,100628.82741835958
2710,125518.93470434751
2711,239354.51077292673
2712,365243.14377529547
2713,165184.05306682477
2714,148328.81133761935
2715,167493.01507531642
2716,142938.39000442674
2717,189234.34742757533
2718,212086.2084217276
2719,151306.03765532706
2720,167062.3746682037
2721,124323.3112378233
2722,158077.21645665268
2723,132656.70248842714
2724,121424.1723390355
2725,125680.73653365977
2726,143828.54219265518
2727,158168.51490980075
2728,188766.08935291023
2729,145378.0402513899
2730,144776.7441507691
2731,135512.24878374668
2732,135774.80793937342
2733,151249.1820212603
2734,136724.72895655836
2735,135692.96316659497
2736,132003.20176127888
2737,115091.48045871507
2738,137078.58396696768
2739,152618.57011224446
2740,132848.6914170222
2741,145947.5940615131
2742,152790.13807925105
2743,159728.40055384184
2744,158180.7836395259
2745,134414.23712732948
2746,134878.54244993618
2747,146543.76446881786
2748,123801.61071653983
2749,126195.27908715047
2750,124014.32515128778
2751,132453.1641304554
2752,192803.551420003
2753,137853.76083847595
2754,201092.2275672686
2755,142784.49313941778
2756,91341.40971171504
2757,70786.40280467515
2758,88205.2682109724
2759,163563.61291116293
2760,124244.3903183155
2761,137226.55107032825
2762,141521.0904627054
2763,174393.88164570738
2764,149291.28348974368
2765,264617.4060859172
2766,127719.13510693423
2767,84519.89260050144
2768,126168.88907015858
2769,130598.08371724348
2770,130439.45918949063
2771,100221.53997282252
2772,105664.34728607938
2773,170055.13043940312
2774,137879.5847232775
2775,108618.07829600002
2776,143369.16972175674
2777,146875.31658761876
2778,98760.99277649753
2779,129251.57649231325
2780,94574.26587159483
2781,95870.91298988422
2782,95974.50313797883
2783,96882.43528255582
2784,116039.99642036183
2785,143818.67765103062
2786,64743.019867630595
2787,124745.30524496037
2788,76944.73982283438
2789,157964.20226680688
2790,93791.77461463038
2791,107016.73259442391
2792,55639.474086672926
2793,139310.40021908376
2794,99973.55571281606
2795,114562.94121157634
2796,96728.30329402651
2797,187047.5901773573
2798,104665.34539187672
2799,110443.56718558981
2800,70385.82029323421
2801,110076.27941341452
2802,123312.11824652973
2803,165802.1055454202
2804,129004.51944505436
2805,97160.91656820147
2806,85130.62932360671
2807,151850.9676009516
2808,144704.10402677523
2809,127836.44188464554
2810,120982.40050285864
2811,160230.42030225668
2812,164311.3596523357
2813,158591.59640824562
2814,156299.98701346095
2815,94881.44579883727
2816,219695.76706733313
2817,150679.07181164576
2818,127501.91080839756
2819,172614.7429140056
2820,137936.52168990928
2821,98939.08202136509
2822,191695.75555104675
2823,293705.1525282789
2824,171777.41910214472
2825,138668.73078294087
2826,124735.15671309961
2827,131984.27847135023
2828,213458.53960858323
2829,203041.13705328168
2830,217721.78330547633
2831,168562.71896412232
2832,234434.23199646288
2833,306659.65242560505
2834,217025.65256520797
2835,222303.17735262224
2836,183664.49307323372
2837,153433.2837468764
2838,145841.96795981535
2839,167395.0955255246
2840,198218.8432867267
2841,201069.435819128
2842,232358.77430214878
2843,148736.9208365135
2844,168389.00229294368
2845,124933.98012606957
2846,204527.75786759888
2847,206707.11438221682
2848,207882.15447685064
2849,191337.26860043852
2850,269564.5882782653
2851,206134.6369425668
2852,229745.43860527666
2853,233457.19351836105
2854,134578.26925805435
2855,195666.00622210687
2856,194753.39875637312
2857,183095.0253749862
2858,203079.23903166445
2859,103251.37087900867
2860,124315.93310970384
2861,121749.59469772551
2862,173794.78244021838
2863,118346.12216656991
2864,231243.83535984147
2865,131829.18208199844
2866,134974.0956790465
2867,101248.66800150732
2868,93203.16270767349
2869,90142.08933829184
2870,116698.78505341876
2871,77740.27184227665
2872,46747.815153175194
2873,92752.79050888022
2874,140089.14551544073
2875,108970.46085455449
2876,153946.58869192406
2877,154081.2495667982
2878,154232.70659671765
2879,135008.2682223754
2880,104971.36099550499
2881,143576.6198899959
2882,182867.1894667424
2883,197142.6276966505
2884,193559.2611777059
2885,187605.54676312
2886,223336.14225160913
2887,98087.63641727976
2888,148509.83993953842
2889,57744.757629346386
2890,81256.27488751416
2891,134054.7646935756
2892,40542.06781327601
2893,67714.47155968338
2894,53025.59267335205
2895,327791.6800789463
2896,269404.1308333677
2897,216098.56274615118
2898,149216.32205634416
2899,204624.6389645673
2900,152650.3914453298
2901,216890.64973723426
2902,183335.4598396368
2903,308154.1304626803
2904,326327.64983695385
2905,77048.50040514646
2906,181331.60974933955
2907,109809.19550543124
2908,123746.64475230585
2909,154006.23804521322
2910,76034.61708695181
2911,79638.58549467447
2912,143199.99820417157
2913,81013.88783492731
2914,78633.14209921667
2915,85299.05209493637
2916,81629.57101326576
2917,167353.76180347023
2918,110909.47589366249
2919,214203.500464696
