Id,SalePrice
1461,123944.82583422019
1462,163495.97617442688
1463,194399.24869081128
1464,200338.76972723473
1465,186714.56675835428
1466,175800.10870275972
1467,172635.27776588828
1468,165907.97207450226
1469,182479.90800632408
1470,128859.60261394091
1471,188685.62030222878
1472,93740.96719799377
1473,96358.62611729006
1474,149951.55788887272
1475,109698.11957972452
1476,366578.4992985244
1477,246180.7973047479
1478,280339.64115577063
1479,295510.2859724962
1480,538614.294542652
1481,326266.55655941786
1482,197901.70674803664
1483,179068.15195297028
1484,161937.0836458984
1485,181379.05923555885
1486,194848.89454046547
1487,333255.66253863287
1488,229725.07707598686
1489,205076.96427935615
1490,238823.55527832822
1491,190527.00671636625
1492,96671.38799774912
1493,183679.10586307838
1494,282002.6823712889
1495,276857.1726576092
1496,240586.13086181972
1497,181930.94830764638
1498,161467.03583092085
1499,166224.88227681097
1500,161886.6334117753
1501,176636.80032033817
1502,147655.19523114868
1503,288547.38409848337
1504,235699.57254564646
1505,226590.58150891698
1506,189204.27054950723
1507,258301.5027965506
1508,193575.79774465368
1509,159899.9423510842
1510,147267.118003671
1511,147307.98447032218
1512,172654.77405150112
1513,142548.79918445853
1514,158353.9149562862
1515,192085.74715573373
1516,146829.5406445126
1517,162086.395272614
1518,133818.60946748868
1519,223422.5175034372
1520,137964.62547930554
1521,138667.17662534633
1522,171117.92027579396
1523,112054.78082525024
1524,122704.85285304901
1525,122825.01069267737
1526,117111.56929069204
1527,109103.58407322233
1528,131301.40133916165
1529,152257.01533853036
1530,173951.63333127668
1531,116527.52611345646
1532,99102.41310527107
1533,147253.95081790347
1534,118385.03090755621
1535,147993.05203084784
1536,106419.37109398659
1537,67380.27365929163
1538,141301.6408938651
1539,176592.9708572137
1540,99033.3910828421
1541,144362.0958453348
1542,135795.78838987736
1543,192352.00578771962
1544,79377.59787644868
1545,111404.45636102046
1546,128157.20070469416
1547,137758.01983314776
1548,138753.80578634236
1549,113071.82340619585
1550,138856.52989637852
1551,109624.9619637691
1552,152673.93241270134
1553,139930.1442188315
1554,113497.55290003687
1555,159887.99823588534
1556,86280.93849618488
1557,109786.90491935445
1558,96872.41355537278
1559,77776.0995629975
1560,136965.37518773216
1561,125036.16372800141
1562,131082.93014567473
1563,125096.44770366931
1564,159150.82483111645
1565,149724.53347934945
1566,231426.32761212226
1567,78885.39137080077
1568,226992.3626695342
1569,135786.03658391707
1570,137828.20624219402
1571,118416.2337746676
1572,148040.19956161824
1573,253490.3035524099
1574,115750.72764230134
1575,226887.8234718751
1576,257209.55742632144
1577,197242.6468987256
1578,147495.07716088308
1579,151068.08935221392
1580,195321.11944243466
1581,148006.51922882794
1582,127232.70721347358
1583,324770.50245817716
1584,226200.99304643052
1585,141387.90445149783
1586,73409.37052017583
1587,97144.00221290188
1588,154708.59647799132
1589,101799.29226484499
1590,128966.69598306743
1591,91760.8443474922
1592,114666.40187136897
1593,126436.37412923432
1594,130970.00919916121
1595,115743.39800104067
1596,233136.19253968276
1597,186062.97699412462
1598,206144.44735959935
1599,171429.44660120856
1600,157264.37445018752
1601,66534.52418191732
1602,118568.2048033033
1603,76524.53648290869
1604,258882.6694042725
1605,232900.22559444138
1606,160527.3422596294
1607,163817.03100422234
1608,222549.7981410768
1609,187357.08143677347
1610,157219.91711027024
1611,137370.55110160154
1612,174416.17743748063
1613,174632.64572951672
1614,127520.7597622231
1615,85265.95200910293
1616,71368.26534944639
1617,88997.79457605202
1618,124881.49753687726
1619,139984.15317968978
1620,170053.12835387237
1621,143277.0762451101
1622,142314.5243613228
1623,260913.93384232942
1624,217394.0349447509
1625,119332.99944172418
1626,161262.74056536696
1627,190179.0660852883
1628,285063.8529106801
1629,176629.14554197044
1630,356034.46010555985
1631,213337.87045144607
1632,232045.8856570183
1633,170217.96559680015
1634,189729.5083352912
1635,179880.66192090363
1636,153956.66773929758
1637,195562.56167151697
1638,187598.2404597315
1639,180966.0845670094
1640,256349.66275506336
1641,174441.1792356993
1642,235509.62918811946
1643,211395.9375249498
1644,229219.04386150357
1645,204714.11985468402
1646,160314.97575561373
1647,153819.7428065566
1648,134757.38021688297
1649,135680.04629120583
1650,119460.31499098403
1651,124096.61833558852
1652,94998.09061696586
1653,96155.66000313978
1654,144136.7343241144
1655,138943.8641634005
1656,144067.08915471222
1657,145089.37295641555
1658,145765.740124837
1659,117703.63151412133
1660,160225.56303209075
1661,447091.9791577541
1662,398807.01888928865
1663,387607.0522394358
1664,524900.1281232148
1665,305225.76988968294
1666,326598.54359637934
1667,361267.1370383129
1668,339362.16286124877
1669,287528.2929530943
1670,357336.7274373081
1671,254608.3526730025
1672,438550.69413238467
1673,285098.9136008729
1674,240762.7955148802
1675,189841.63277596337
1676,194615.6975222804
1677,218910.21396785404
1678,514211.72664880386
1679,408883.8648793086
1680,344791.7953819769
1681,244646.34245061595
1682,318649.9147583763
1683,179906.01576341162
1684,168722.06737292302
1685,166247.2198636501
1686,162494.14991722896
1687,162679.16244762443
1688,194191.98973922027
1689,190474.9332690006
1690,191065.18447691758
1691,188301.30317820195
1692,261328.28978605347
1693,169846.0276705831
1694,184499.93157967483
1695,163163.17418028097
1696,273936.8924090743
1697,166092.7913846399
1698,358641.1812357148
1699,314642.85160066554
1700,249149.21541600043
1701,259166.38451255322
1702,256358.7969978614
1703,260712.98973532618
1704,270385.64094009687
1705,229796.38855478185
1706,447257.3897820111
1707,216981.22789698423
1708,214288.2984416308
1709,267214.5066267905
1710,219242.71766874788
1711,266296.35917387455
1712,270489.6823229603
1713,283379.8331786627
1714,224955.44589766668
1715,206478.12231807577
1716,181216.96779626652
1717,167752.94211610442
1718,130494.46948119646
1719,197313.42927198156
1720,239333.47892950903
1721,156575.1034497184
1722,124240.76286864711
1723,155447.25425409336
1724,211970.13016929026
1725,244572.44905889474
1726,189533.5447046801
1727,164020.49940270514
1728,161844.8598496608
1729,177162.1416773689
1730,152538.83383894968
1731,121537.08090326776
1732,136857.1079522254
1733,121260.84716469292
1734,123532.3742758282
1735,128621.7958771561
1736,114956.50651137714
1737,302271.5599605499
1738,228115.4927232519
1739,249643.9213886999
1740,243098.6562616164
1741,202994.79925721354
1742,172869.5146699663
1743,174636.49564804434
1744,310858.5160740966
1745,215463.4136486198
1746,172716.88430791307
1747,226028.1524681036
1748,223456.8371568379
1749,146918.95437632577
1750,125570.63993201693
1751,244803.4802026106
1752,123215.09334889133
1753,150351.59628520015
1754,193723.41185753018
1755,164091.95359266366
1756,129086.47905560795
1757,124995.01266111943
1758,145073.2211183442
1759,161391.84235587963
1760,164582.3833865026
1761,141931.7972495075
1762,187775.32480878566
1763,170742.5180659185
1764,117876.20499794578
1765,156589.4371584661
1766,179178.59538466323
1767,219400.74367639405
1768,151933.37596385967
1769,166584.72634442468
1770,143829.68809881288
1771,130746.9288640939
1772,126943.52743529176
1773,134451.27822771078
1774,144046.17780963946
1775,134583.574631625
1776,130728.27254715897
1777,118035.28113543976
1778,138887.1289166631
1779,123373.94075809064
1780,170260.30742969897
1781,132963.85303405407
1782,88333.45544816753
1783,142933.4649920386
1784,108863.55360496281
1785,124802.9422641491
1786,142347.77530307154
1787,158888.63946807076
1788,55517.90579234326
1789,100721.06990300344
1790,83443.24612041174
1791,181800.10251870195
1792,151625.15559491422
1793,127681.54768127439
1794,148194.595125705
1795,131467.06233734093
1796,125633.02373747672
1797,118193.54392018713
1798,124700.08796605613
1799,113640.69137329543
1800,137369.71633152873
1801,130510.31901113411
1802,128199.88527714394
1803,147044.37968380266
1804,148405.4929930348
1805,134898.18238593725
1806,120953.0231658732
1807,118789.78426353869
1808,117592.38719188784
1809,116444.94503354558
1810,148117.2948223551
1811,88966.37165402352
1812,98711.62252268732
1813,133249.38648371975
1814,102166.86123911673
1815,51746.5351552116
1816,98001.17195437144
1817,113710.32564012644
1818,148736.938613336
1819,124017.0559527887
1820,52060.09991723659
1821,106847.59631230008
1822,145772.58551803138
1823,46776.64077295588
1824,127096.69053173071
1825,136992.91651639465
1826,107186.31180875858
1827,105096.5545102208
1828,134712.40345658385
1829,120470.99438357205
1830,143301.4538697102
1831,145890.866206573
1832,71245.9469739683
1833,138629.39256045807
1834,118762.36245826133
1835,120628.45198011206
1836,121925.97685755396
1837,91409.07019278985
1838,133402.35879445018
1839,94361.17290886746
1840,172942.71293470566
1841,138643.39948584576
1842,85960.26510054668
1843,139808.2919623784
1844,137380.1530716353
1845,134653.6235972596
1846,150992.3913383616
1847,168544.6726407871
1848,55459.95280091042
1849,104722.16141925965
1850,114023.65477647069
1851,150507.01013568463
1852,124287.30465687213
1853,134075.45813190096
1854,169055.2727778551
1855,145583.36726334246
1856,216851.4202886812
1857,145332.61123989997
1858,139137.08924941425
1859,117699.72532495015
1860,150497.08588947068
1861,117297.98579737678
1862,314150.783287458
1863,296869.17684198247
1864,296869.17684198247
1865,342440.75596914324
1866,346766.8878827867
1867,239901.2166702015
1868,301239.4093596151
1869,201337.89530338312
1870,232153.19778099775
1871,259476.60969658478
1872,174131.41952566794
1873,233726.47788825986
1874,146870.26185584482
1875,205284.24188440474
1876,197103.06501993825
1877,211073.78084633584
1878,215640.70068828468
1879,130195.45381390082
1880,136526.90718518823
1881,242577.55602198525
1882,240208.77034656325
1883,187488.6134059299
1884,201394.42073474717
1885,233107.35164426485
1886,296050.5751806488
1887,200110.43715946234
1888,267264.45359030616
1889,169564.1201140673
1890,124278.75966347508
1891,128620.7997477812
1892,101642.57694288754
1893,134299.06307190034
1894,128710.34342724647
1895,136762.47197372062
1896,125986.11673678413
1897,117230.59535117353
1898,111703.26773674105
1899,158294.63162679464
1900,143605.16480670814
1901,169832.35576241053
1902,146172.1949081014
1903,193184.14731591547
1904,145221.94931831263
1905,190862.41595690802
1906,140392.15402933478
1907,195098.4407343275
1908,106135.19437298286
1909,135456.7466301662
1910,118907.65773498919
1911,224533.66134649378
1912,329704.8974845589
1913,144573.01345400687
1914,53657.168011803486
1915,311700.69319220714
1916,67441.04055555476
1917,238988.8300129921
1918,141685.15267331447
1919,168382.77308379588
1920,158365.23500241613
1921,429241.23968460294
1922,324103.3365562561
1923,210609.3347728037
1924,239057.96987172
1925,192607.55161245886
1926,399412.5080717915
1927,130777.73810514572
1928,156846.1758220132
1929,122975.37752670233
1930,128772.80091712056
1931,150613.37036753236
1932,144970.9450592228
1933,218769.6018391498
1934,179605.31058085174
1935,173072.0775731201
1936,194804.33366187953
1937,179070.89678916705
1938,178859.47916112287
1939,241228.3705105249
1940,186659.2984413631
1941,178048.8274504763
1942,184289.2127146828
1943,209437.43228538355
1944,395145.8198250368
1945,416388.4465013825
1946,146410.82422732832
1947,315413.800336833
1948,184595.13902347762
1949,257221.49025562638
1950,181665.22543846132
1951,246066.31986065503
1952,198859.12393537813
1953,167697.91107985433
1954,179616.5436651339
1955,132084.14165892292
1956,305904.1857846501
1957,158133.85118930787
1958,318653.08806127845
1959,139307.493102528
1960,114188.33692352872
1961,123876.96932419333
1962,93749.65335266112
1963,101408.49981476564
1964,110658.7623919317
1965,147451.54661130806
1966,135228.8815559591
1967,275745.34932079725
1968,443244.88875862234
1969,399172.08327425906
1970,471971.2648987919
1971,477635.03584436735
1972,367421.56974050414
1973,247640.93918334172
1974,334625.8736751217
1975,515551.87871868326
1976,267618.0121044951
1977,357597.8670048414
1978,350023.9427954797
1979,343348.14164233627
1980,196367.42929815635
1981,343829.65136281966
1982,214863.48633121414
1983,198652.95116205976
1984,167950.2986609713
1985,228423.8654605298
1986,217099.1870623451
1987,173537.03247424745
1988,176010.9981706412
1989,189577.31444035546
1990,212726.55521867194
1991,225349.4962184444
1992,215294.10205714765
1993,168758.0451967315
1994,230898.00351052382
1995,186931.4034467697
1996,251858.61618099737
1997,303153.0867194806
1998,330137.4283100607
1999,272838.3898374788
2000,320450.1055087934
2001,266555.53168813034
2002,248239.47680968654
2003,243186.76433523968
2004,277020.357156286
2005,211376.70951029647
2006,217124.67667552395
2007,244231.79531932462
2008,220070.69323487688
2009,199444.39338839232
2010,188368.91803551832
2011,130216.36379312714
2012,178113.66178781603
2013,181899.9639846788
2014,188011.63278999145
2015,205444.628741382
2016,198355.52721770134
2017,199660.33832322448
2018,120947.60642423859
2019,139336.42360365298
2020,106502.28101724273
2021,110054.6426428339
2022,172236.10873548847
2023,135232.92674299327
2024,261345.26359780598
2025,327693.93279167975
2026,174824.16148876707
2027,159855.24636284026
2028,148670.51245532022
2029,173059.76080888414
2030,256475.81179164269
2031,223981.42157226635
2032,233022.17524044152
2033,247169.68690375471
2034,171264.603007332
2035,223923.1558785254
2036,193512.64114655912
2037,196388.63727049582
2038,271173.12258237536
2039,216796.93761821947
2040,285440.03999197576
2041,277379.43824389693
2042,202849.83489491526
2043,173891.49074130593
2044,170572.8164525399
2045,198971.87169113333
2046,141063.05487221453
2047,144183.8011820606
2048,143243.07389348192
2049,138906.72344859253
2050,176024.94705914377
2051,105001.73695091649
2052,130071.10891061478
2053,142493.37842650837
2054,74275.78458231142
2055,160074.37855153644
2056,147043.82547044288
2057,114095.39584818302
2058,220884.0432543669
2059,134674.6835906263
2060,176399.60196843356
2061,166088.51535318306
2062,132197.68320737054
2063,113683.87134844117
2064,143467.3272144132
2065,121235.31253951669
2066,166483.850361802
2067,102846.97485065147
2068,144326.59781371214
2069,85861.51956915409
2070,113497.78256437837
2071,98867.71727165439
2072,108037.7739478799
2073,142151.17729967524
2074,185825.30000172876
2075,142717.92940113498
2076,122601.5410199343
2077,158048.0117571455
2078,128334.88030547851
2079,131925.4360300567
2080,117516.38871827566
2081,118697.86332352938
2082,129883.07550089378
2083,142567.992215917
2084,106753.40116638981
2085,123953.46770813875
2086,119357.35197938723
2087,121491.11072693593
2088,95203.8178066178
2089,76816.03681273847
2090,123525.84476294483
2091,116825.43539040157
2092,125993.77517860944
2093,112883.98891382244
2094,103744.0762781188
2095,146845.18792418274
2096,79781.05777556554
2097,96373.57683895466
2098,148943.10987128277
2099,51600.75582597024
2100,70612.2329150588
2101,115676.89935121377
2102,121164.4015014096
2103,101502.71614609979
2104,126451.20565271548
2105,120729.39830029414
2106,68485.84712214686
2107,198439.41003622388
2108,112643.83101987519
2109,110120.84122913468
2110,137940.05753299865
2111,129634.5371670721
2112,146885.33536899785
2113,122417.49007008226
2114,105485.29760687573
2115,162001.63019280916
2116,118568.202301681
2117,148514.39246537443
2118,124788.96112265656
2119,109853.2030075866
2120,112756.99885352027
2121,80888.7318072095
2122,110004.10253704777
2123,87673.43145942235
2124,152519.07884980363
2125,125266.36047179565
2126,152639.21469777607
2127,150805.21518336417
2128,124939.71389011745
2129,94769.1452589415
2130,140614.46030224347
2131,142856.99410157822
2132,113458.92013844213
2133,124582.42570118615
2134,122695.20808837
2135,104353.70753052259
2136,71940.72331386415
2137,115268.8778576479
2138,130708.69903249366
2139,148693.0266027755
2140,138135.68505274286
2141,147056.94590105632
2142,127167.65917692639
2143,143551.32201105647
2144,126460.46319852982
2145,139023.2293184265
2146,164584.73087466412
2147,145172.18042113745
2148,131605.95033143062
2149,145215.3404930143
2150,222704.28433984562
2151,102659.78468081859
2152,178144.32889731126
2153,164937.34760808156
2154,109070.36621007376
2155,133294.5549457632
2156,255090.52337571824
2157,234775.31308466283
2158,243644.2524196631
2159,197189.26796487594
2160,171374.54375670743
2161,231137.87867425312
2162,424232.85178774426
2163,377833.9760827972
2164,232383.57433816785
2165,193996.66809186403
2166,155255.4536888423
2167,211303.57054368386
2168,203476.75259450043
2169,196329.59915364193
2170,225101.6760311465
2171,154730.92426504972
2172,133618.9409389133
2173,166100.3525723924
2174,229987.45130036355
2175,271834.500984292
2176,324626.54710383853
2177,240377.9055528792
2178,201120.10952285223
2179,139500.84039385855
2180,224198.52661233087
2181,190109.44693872673
2182,216466.73381457728
2183,190003.65433324213
2184,124108.35309516557
2185,121767.36664360097
2186,143813.4397121278
2187,149438.14802314306
2188,155955.30648525327
2189,262446.33252061874
2190,80017.1011611008
2191,80050.85716994977
2192,87206.9397305564
2193,105401.00542568362
2194,101109.8098067414
2195,115611.69989846795
2196,104844.18788258833
2197,117015.56508582376
2198,157357.52662795925
2199,176257.28698133247
2200,149853.443942029
2201,137542.12258455835
2202,203394.13506191125
2203,146783.27699900544
2204,181450.41312064958
2205,119900.71837402684
2206,138830.99419376382
2207,214482.13396168064
2208,246900.18785561083
2209,241053.5707801667
2210,117337.88088734433
2211,115352.12302655801
2212,120009.45239620739
2213,105665.8181400633
2214,122956.4515473413
2215,102435.14377150303
2216,149893.45317485524
2217,71767.13986295009
2218,66077.96729721614
2219,62297.33318642548
2220,53890.96637389645
2221,312392.9689447136
2222,283634.3323771207
2223,297731.91612595384
2224,209866.6131582777
2225,121372.9628359134
2226,197954.64999428354
2227,196089.16021671894
2228,256801.78043697253
2229,230665.7914852332
2230,154894.9649891361
2231,207910.15862908124
2232,185833.53670503173
2233,172213.33228679313
2234,232944.90770515497
2235,226054.7742804702
2236,241886.0302041862
2237,345360.6609662403
2238,204209.24265291757
2239,112167.54985263658
2240,153703.74281895987
2241,153176.67471917535
2242,119443.97883261417
2243,126302.29081623885
2244,100220.27825854218
2245,98688.94204393325
2246,139146.21291796077
2247,101010.05207830611
2248,123401.53411274799
2249,121726.89206063835
2250,135694.90935582505
2251,118705.13066568082
2252,167754.75242901038
2253,153703.55204563448
2254,175361.2172724292
2255,189059.7055041658
2256,178298.9820211952
2257,208925.58878347697
2258,161816.4536675114
2259,176838.413482297
2260,145081.65917954588
2261,194781.69791590975
2262,207709.21249918456
2263,386709.425667823
2264,510653.148441369
2265,175784.7498928364
2266,299635.7264467537
2267,384815.3706500345
2268,425275.9801154231
2269,153646.0959079798
2270,195435.42486707884
2271,214283.89919749787
2272,199471.0661655328
2273,170249.19195739893
2274,178487.2101350047
2275,164111.7211332195
2276,195330.69625136018
2277,188578.55576480684
2278,149887.34374935945
2279,128191.90346425498
2280,114475.40768474809
2281,172244.14876415458
2282,190693.14586520547
2283,102283.94164979988
2284,114305.69002445773
2285,137837.02598969368
2286,122996.5831719834
2287,352170.14475760947
2288,264430.66856021894
2289,373477.21547213406
2290,464295.5991935707
2291,318925.9949127459
2292,461054.7731597884
2293,457012.62422382296
2294,384234.1535276836
2295,459243.45868463576
2296,254727.0891082376
2297,332560.8312563963
2298,325134.60676740546
2299,362912.72613530874
2300,339538.0688172541
2301,293725.6566016277
2302,244519.52609092213
2303,227624.8873990609
2304,225588.56431120515
2305,187555.77779369874
2306,184271.84180674085
2307,190597.12931315348
2308,227377.1312040666
2309,267441.8774236437
2310,202049.234677483
2311,190278.84458211405
2312,167334.87394870116
2313,172361.45099565422
2314,168275.89950374837
2315,176489.65335082615
2316,181290.57555217185
2317,186764.64878719483
2318,174359.19060664147
2319,172265.08236388917
2320,180257.04166603563
2321,235340.68926676165
2322,169406.80809120054
2323,194062.29355968157
2324,175658.8141185977
2325,206100.9412426148
2326,171273.59243430145
2327,206321.78406311985
2328,226389.33150443467
2329,194396.4102295018
2330,179626.992393124
2331,346651.886529133
2332,372363.42621365254
2333,310886.9549356973
2334,257150.43991909866
2335,273324.2083218573
2336,326566.4135199043
2337,192617.71962738203
2338,255488.30519367298
2339,219702.36187945298
2340,384580.37845844746
2341,211765.97795519818
2342,219915.3697564087
2343,225801.78364932913
2344,206919.63153671697
2345,219035.76424663787
2346,202721.5884422641
2347,196782.514001919
2348,223373.00789395487
2349,179617.91613793682
2350,303978.59081321006
2351,252090.57234919345
2352,252385.61020695188
2353,251938.17817999967
2354,130658.33744406055
2355,131728.78532825253
2356,146992.3392495604
2357,191362.12398251847
2358,195482.84357317234
2359,127059.3245935276
2360,116460.89310035559
2361,147197.34357569428
2362,292905.6251140595
2363,137032.47474673166
2364,150364.5936429432
2365,207464.2825969743
2366,185948.54869254155
2367,210453.46037461984
2368,213769.26964602355
2369,210405.09847881022
2370,174628.2332260768
2371,171856.2729530339
2372,188152.34115723177
2373,277529.3118850144
2374,335357.5709941609
2375,255268.19162630866
2376,284774.9632974284
2377,331685.46016677114
2378,149090.21589281692
2379,196083.36520039255
2380,145437.25499061868
2381,164405.2723102922
2382,196272.41889977854
2383,208128.35784046564
2384,241116.76990927517
2385,159072.34549546058
2386,136698.468839417
2387,136073.82462634658
2388,97810.17740269963
2389,125029.61104368787
2390,154870.21735958877
2391,144805.32611103042
2392,116684.48492290091
2393,166825.18105152994
2394,146554.3789098995
2395,207160.632916638
2396,143566.87306646822
2397,208679.03387776267
2398,139009.34853677513
2399,56620.15990217315
2400,52040.94825056306
2401,110397.18367529029
2402,139217.25732627747
2403,138778.72570562785
2404,154821.64142034034
2405,155898.7368476047
2406,140847.00482088595
2407,127483.86479276279
2408,137466.47271940712
2409,126307.59851892911
2410,162013.43803373657
2411,121344.65591726414
2412,159514.55362833675
2413,131977.43828085414
2414,155419.10854413398
2415,135556.6021125053
2416,127341.48662556364
2417,132158.63718822942
2418,131472.4418994059
2419,125384.92967178035
2420,125965.82313611536
2421,146333.0255250726
2422,111733.79449783335
2423,117159.30202312782
2424,147136.7208173437
2425,208772.73530643366
2426,135062.6973319527
2427,134000.5157208236
2428,169950.39616511908
2429,115602.28834104295
2430,131188.02214210093
2431,109536.1671401104
2432,144991.61338743268
2433,147774.80107137535
2434,143116.04276271138
2435,151365.7032866911
2436,109100.50888331552
2437,113752.93134516738
2438,132253.81312298094
2439,111814.22895044119
2440,118229.84843980633
2441,87571.3549155829
2442,101483.22956981463
2443,124226.54942081415
2444,127956.68251567257
2445,82412.92195169925
2446,137922.60589714366
2447,171428.09437642273
2448,141263.58720063796
2449,107862.13935415594
2450,146769.90597506205
2451,131096.86522477458
2452,192210.88333768668
2453,88708.11708295971
2454,124101.91289013092
2455,124918.55531884819
2456,132997.44785841403
2457,135322.65048891978
2458,122405.4918025649
2459,114973.96439680271
2460,132694.33949033014
2461,121474.16319544765
2462,139126.2809656468
2463,123592.53553419442
2464,171738.24132744994
2465,143684.85078476893
2466,120328.62498240802
2467,131217.19549565273
2468,84555.23613516933
2469,80383.37328759838
2470,183485.2322109863
2471,207088.25187501553
2472,154788.7583347826
2473,119947.51571051677
2474,78485.90566531509
2475,203168.43433431242
2476,117565.65992127905
2477,131948.34378027753
2478,151761.01279180753
2479,105406.0465224072
2480,156374.46389073448
2481,123555.007755783
2482,133496.74390762142
2483,114564.69132307329
2484,121546.37211791804
2485,125278.2987123774
2486,157019.84521002183
2487,167466.57018227605
2488,156559.05779348762
2489,148219.9364954286
2490,147978.01816103034
2491,88907.58066878523
2492,194150.58511811987
2493,151749.54068786465
2494,143658.72998416345
2495,90327.2396420303
2496,229066.55961885225
2497,137700.98527962228
2498,111996.92455989541
2499,91131.38872728348
2500,135550.7058110539
2501,138028.47945095078
2502,146664.28887239407
2503,94161.46665473087
2504,170069.4114478473
2505,234276.51772056118
2506,253148.54515324405
2507,272263.5343280913
2508,250884.14855658906
2509,219934.75693914253
2510,219533.30097186865
2511,177077.52521903702
2512,206064.6606821565
2513,223057.17999594842
2514,250776.22561760797
2515,150471.60677308805
2516,172553.67326889938
2517,140720.03689565146
2518,152479.7863022527
2519,229352.15608530593
2520,219802.40640280375
2521,189665.21855910931
2522,218590.646610658
2523,126157.85675486524
2524,136391.9215183577
2525,147305.80363297788
2526,133280.36068885733
2527,115139.19834553114
2528,135037.51660586926
2529,142287.64908537953
2530,119889.0490983578
2531,251924.1385891426
2532,218220.07155393148
2533,195273.34379713947
2534,225070.45482463902
2535,288708.5177800185
2536,240338.85859061466
2537,233055.63802015546
2538,178998.2362659335
2539,184181.88215416283
2540,180632.84415495626
2541,178799.70142512923
2542,168316.97875475578
2543,127091.46818701831
2544,122113.53156302424
2545,129911.64549580326
2546,128498.42825165321
2547,136976.14717053893
2548,150297.78153361156
2549,162427.38246291186
2550,768555.3147672642
2551,139059.54983861768
2552,126104.60685429927
2553,74609.70547205712
2554,104226.7761610715
2555,118559.30417859374
2556,103284.24815883623
2557,111267.75153917236
2558,145964.33609468673
2559,140284.19385233114
2560,146243.44990167522
2561,136325.70855708254
2562,138562.20176462943
2563,154123.85552263673
2564,207760.41479081518
2565,138025.17560592096
2566,168614.62967820241
2567,138705.46564224662
2568,211123.14909514892
2569,217384.75462160946
2570,112577.26781038484
2571,195810.88284847315
2572,144539.68501527852
2573,215540.3938367802
2574,268027.3380172156
2575,129810.25185545316
2576,110225.29549578323
2577,155195.57734123498
2578,83233.11201088573
2579,59990.119829124116
2580,99279.55211305103
2581,93915.43461271073
2582,94631.69731487097
2583,259120.3812184303
2584,167038.46002631125
2585,204754.95311168837
2586,223298.71230141917
2587,194934.10373761944
2588,139202.72393764326
2589,150242.58239548552
2590,206175.34336515534
2591,207567.51609072168
2592,208125.05378324408
2593,240929.37484878485
2594,170026.99930211098
2595,190407.3885728821
2596,294751.1942116866
2597,198567.43930789456
2598,289773.45170620305
2599,313707.1769576129
2600,161788.23717356732
2601,155351.44448447286
2602,80387.81768292704
2603,90909.33132813676
2604,85313.45721367706
2605,76514.66842774494
2606,155398.3068021418
2607,199735.033509027
2608,193218.05269638327
2609,171738.24842071606
2610,109341.0030376015
2611,122478.45987065084
2612,155345.11563288234
2613,138151.12406625843
2614,129836.75152002605
2615,155539.4245763416
2616,142492.91945785526
2617,186825.36491901582
2618,211538.34694216616
2619,193485.55654917023
2620,183172.24834243092
2621,177704.19742756
2622,182908.8130564418
2623,229024.68996017397
2624,304851.52792388474
2625,303412.4358390605
2626,178045.2059284584
2627,164369.27043528468
2628,508047.1146705859
2629,513496.08886938624
2630,359250.2586130078
2631,466822.48074406
2632,407952.5839685319
2633,308171.3700654013
2634,437698.9375161385
2635,157433.34392607087
2636,175508.34105834414
2637,181486.29239711637
2638,256494.03590228732
2639,187953.62727850996
2640,152047.29374534753
2641,104814.65089830243
2642,188231.90975039089
2643,97465.81794337374
2644,123963.2367327166
2645,103946.94635222015
2646,93621.27728049686
2647,102055.0278357175
2648,141807.11046678384
2649,153027.35450758607
2650,133677.23204177737
2651,139174.2309209667
2652,388448.8049673128
2653,243206.38037028693
2654,242741.88788300485
2655,422406.13197736756
2656,289242.7014005022
2657,327545.1149635922
2658,290229.6088236214
2659,293616.41303367994
2660,349719.37938276556
2661,342907.4800233932
2662,361043.02848446317
2663,276438.4041167435
2664,260175.9225088965
2665,323147.62822799425
2666,273695.69119282847
2667,166303.89648631477
2668,176142.0349862207
2669,181894.74387267002
2670,267528.1410888643
2671,180109.14958508973
2672,185867.7298111666
2673,198297.17240808217
2674,197326.43956980374
2675,171428.1177994724
2676,185697.79029218448
2677,194306.14818217832
2678,251737.25781648463
2679,281128.2180327586
2680,269527.26848486176
2681,400588.7441058639
2682,315211.89004382986
2683,550694.194001374
2684,319733.18400070554
2685,321946.08279124356
2686,243272.04524725364
2687,327408.7783932512
2688,204896.33705536698
2689,197520.5900393124
2690,449130.99453443673
2691,189904.2205862637
2692,127404.25353565215
2693,189420.98873213833
2694,126726.36968531148
2695,189672.03984794253
2696,177088.67605976592
2697,183443.78804343488
2698,192496.38583111617
2699,184544.60452827835
2700,162089.61819607025
2701,140308.88659360126
2702,105806.64823926719
2703,111704.23459710964
2704,141397.0073386954
2705,120289.7635520493
2706,109853.94160930761
2707,122422.52408579254
2708,131209.46946806423
2709,107728.15249877553
2710,129200.54133756064
2711,321870.42597820883
2712,413001.09020702343
2713,172446.96772438963
2714,150366.6616038026
2715,169127.3828465713
2716,141898.2515455023
2717,183685.92381386223
2718,218300.08972216008
2719,162031.46750446156
2720,167134.76680930585
2721,133965.5533644877
2722,157885.69625253868
2723,143103.93328693623
2724,132501.69339146206
2725,133444.93532892448
2726,151355.5807065033
2727,179374.43082082475
2728,176199.67174100297
2729,156922.51704111774
2730,144780.63183342665
2731,130732.28878034886
2732,132308.76037373033
2733,162888.18682665736
2734,147192.61771894823
2735,140580.28607164536
2736,141709.13473946354
2737,126747.12153108236
2738,133740.3867429283
2739,162920.08939144516
2740,133526.92781554838
2741,145909.32277863877
2742,148655.54723174075
2743,147418.64603984094
2744,160710.0583740897
2745,139332.26109515168
2746,137370.92396875375
2747,145285.98920277806
2748,121073.31899488435
2749,129065.98499714135
2750,134812.99613206525
2751,138526.2456875414
2752,182344.51960243456
2753,147352.5904401137
2754,240962.48615937852
2755,129232.83229029228
2756,92137.42134479895
2757,66797.12161793366
2758,74164.11464795696
2759,172363.78132812993
2760,129461.85412725
2761,143397.14364874424
2762,147185.0870461765
2763,178262.40378041894
2764,138260.13774796244
2765,267973.3322301277
2766,122967.59731220537
2767,88588.98832510549
2768,130409.21349698717
2769,134362.34990014162
2770,128844.33229199739
2771,109218.72170919293
2772,110065.57530461605
2773,164762.09198344112
2774,140478.80527575233
2775,121545.95214264932
2776,137659.07197731605
2777,142025.35097916686
2778,97323.04768897647
2779,122438.12054336732
2780,88064.12015435284
2781,99267.67040937128
2782,93770.10058402314
2783,100243.67888854
2784,125223.31770270813
2785,139516.45973436342
2786,71942.59085346601
2787,121844.33570297975
2788,75996.99910005064
2789,166340.35208686627
2790,95532.88922313388
2791,116474.0802069021
2792,51307.13036156755
2793,153944.9429897453
2794,94013.40563392304
2795,123431.434359394
2796,101734.14796509515
2797,190298.1650578576
2798,110094.35517302425
2799,115439.43458044472
2800,65667.0540027331
2801,107262.72509630483
2802,136279.7197476171
2803,154834.94948625684
2804,130513.30063392306
2805,98035.54273962884
2806,87298.2424179398
2807,152419.01380702763
2808,148051.5861854794
2809,132839.99646115996
2810,132861.8828160848
2811,158264.9470578391
2812,160724.14851703585
2813,158950.74393187155
2814,162106.79176199005
2815,104386.98597524023
2816,226099.5176439559
2817,156528.18304703824
2818,131838.07664772175
2819,170303.48254006318
2820,139456.78931049054
2821,110108.23433592558
2822,188314.4998223985
2823,321786.2405972151
2824,185197.27505099503
2825,161640.19783998345
2826,127092.51614109898
2827,127315.57799069937
2828,223868.6225179175
2829,203895.96311644127
2830,211246.83925883117
2831,173870.34116008153
2832,252105.97510212674
2833,296855.5618852604
2834,209945.37079381314
2835,220535.893825741
2836,193393.5870671538
2837,147762.06316531016
2838,157625.2953892865
2839,177860.38531611135
2840,194228.33399979005
2841,205867.308780477
2842,229936.4404323297
2843,150081.5619088868
2844,152608.55572592266
2845,122508.38061279159
2846,211807.81411340047
2847,209092.32538481866
2848,202498.18523473217
2849,194257.6487493787
2850,280102.3724927009
2851,212301.82176142727
2852,236442.7786764228
2853,233528.46635286915
2854,140500.83528780137
2855,201569.23533425998
2856,193577.079181878
2857,181104.21264317178
2858,184466.97879837008
2859,124665.98518992146
2860,129616.0099676522
2861,119940.39979215461
2862,191608.5887183083
2863,121468.23555868282
2864,255515.75875925837
2865,138075.38536430747
2866,134041.3684767862
2867,93812.20679349602
2868,95545.60892272356
2869,112106.89295321712
2870,122270.72355107724
2871,86669.25492258981
2872,50089.29382467286
2873,102073.30198987389
2874,136994.28403930643
2875,119057.72589787036
2876,161185.3491740113
2877,141379.70594044775
2878,165369.96247025157
2879,138911.79740705754
2880,99053.70897236536
2881,149204.40761476653
2882,169942.44818032676
2883,193343.9091046225
2884,188596.1405134479
2885,187113.85231537512
2886,246375.83448356076
2887,96619.5186799488
2888,132112.31224135513
2889,57453.83102715826
2890,82648.12544190354
2891,134973.42184661466
2892,43614.16025350984
2893,71873.60474433008
2894,52228.6341165929
2895,330932.7376970724
2896,279500.8765545756
2897,194155.58616386622
2898,137810.34368394286
2899,208585.63594790085
2900,155218.04076638576
2901,199955.46747607482
2902,179505.28726974185
2903,334497.23761636193
2904,346986.19319659105
2905,82523.60321107415
2906,210216.2255641766
2907,107997.47449568893
2908,136627.4662094985
2909,138317.52931266394
2910,79250.373635173
2911,78903.02384277612
2912,146843.2537290731
2913,81205.71890596747
2914,76025.40476191317
2915,80377.79763143645
2916,79869.16892427605
2917,164992.76928589118
2918,121073.10188203503
2919,217676.94085581
