Id,SalePrice
1461,127263.33028347192
1462,164283.40043213055
1463,200353.06829577254
1464,201569.62146711437
1465,193886.65852628407
1466,169449.80818205245
1467,170924.63272145324
1468,166651.75374711672
1469,183675.7245688202
1470,128299.97985170306
1471,191249.5054017344
1472,92580.85605050372
1473,98487.25256869882
1474,157461.12789237488
1475,119071.5560192524
1476,375953.68480511697
1477,247270.93776555447
1478,275803.25686509145
1479,291669.2142223152
1480,481131.1861018044
1481,335405.05183772376
1482,205661.9848962687
1483,171758.65327228315
1484,163128.70139141634
1485,176540.70714029603
1486,194935.79442734207
1487,357975.3584560082
1488,235842.90595880285
1489,200300.5462629576
1490,230323.54929557603
1491,193087.82427666793
1492,95475.60483136648
1493,175553.9952455954
1494,287907.1130234668
1495,292487.92681315634
1496,245812.25889679
1497,182863.0719123783
1498,166362.95637344732
1499,165066.70117980632
1500,158626.9965049934
1501,180535.0532686608
1502,148572.64026579008
1503,315764.4690477053
1504,242515.56707370377
1505,225298.50392041946
1506,178974.79861238596
1507,255621.04731110387
1508,183492.40667105786
1509,163342.86558844039
1510,147181.32090126973
1511,146578.75043721218
1512,166560.6878017754
1513,151664.06951514294
1514,156077.18254354328
1515,195551.69058615656
1516,149718.0994385427
1517,161019.9080795127
1518,128764.80749431354
1519,230277.9388244487
1520,134751.2042272518
1521,136884.48380956263
1522,169068.13387084645
1523,115265.04350708783
1524,119152.4999102791
1525,123577.67873918593
1526,121147.79809566522
1527,108339.20339369508
1528,130182.88910591208
1529,149592.48395025978
1530,180163.67062255106
1531,106146.56650415059
1532,95356.95107041563
1533,145533.08222634703
1534,124824.65731698372
1535,154856.56836718073
1536,107904.58392041066
1537,62701.05956504019
1538,170540.12630192091
1539,183722.52528281283
1540,85086.50268823172
1541,143829.23806513535
1542,140976.63846852834
1543,204363.4236806892
1544,72371.48677995498
1545,110899.22047858579
1546,131618.13456755818
1547,139065.2868779916
1548,138358.79272991267
1549,112570.44172785863
1550,136281.535635321
1551,110377.29285860919
1552,140186.1028821301
1553,151721.20427685106
1554,113323.09456917568
1555,164665.90015483103
1556,77100.58105701845
1557,106872.60287258758
1558,93242.42155514908
1559,64757.47077380457
1560,123285.48951590307
1561,127579.6647978485
1562,126818.97977535616
1563,123288.9943101685
1564,165508.21081807828
1565,151452.00427906346
1566,234915.50170956296
1567,71322.66459363655
1568,215056.49194648833
1569,138890.0962203273
1570,134151.69735401616
1571,107736.03876353029
1572,146292.4840817898
1573,262735.68452956533
1574,108232.58654234192
1575,218269.03098199426
1576,246322.0185705623
1577,195216.3950964267
1578,147433.21235328043
1579,148669.14878225612
1580,190886.64118613894
1581,148974.58473642974
1582,124752.60978063988
1583,329688.5147627013
1584,225295.23729160594
1585,143579.3831102363
1586,76399.03115750435
1587,96037.30276211833
1588,153657.4379157979
1589,96609.3698472084
1590,130221.47637452283
1591,92394.67108012157
1592,110973.94142302145
1593,124722.65237678126
1594,144733.8144958812
1595,107591.15495244795
1596,233825.43980942527
1597,174857.0347678747
1598,211984.40740626302
1599,166443.29940345022
1600,163385.26773107308
1601,67944.59870654152
1602,118344.41177349175
1603,63817.063085951995
1604,261905.18886758474
1605,238768.38833401815
1606,163521.28369721406
1607,159459.98859526092
1608,198786.994563199
1609,191179.7432816501
1610,160690.04508314477
1611,136823.43155237846
1612,163455.0372372353
1613,162210.2332021551
1614,125934.51788693818
1615,83391.69282595071
1616,68791.07409924976
1617,92347.6603071468
1618,127165.9416482885
1619,135221.49634989866
1620,141881.4490359591
1621,140030.73601100233
1622,145136.29060758458
1623,279553.4466022992
1624,212494.29585592987
1625,128179.3801225476
1626,162427.57072355604
1627,190178.7489332813
1628,280787.2359782809
1629,176573.71113230742
1630,380569.86553277174
1631,219006.67113762067
1632,252443.66915672104
1633,170369.36030646422
1634,193020.06858797185
1635,179777.98447296972
1636,155641.09711687497
1637,196358.1646172065
1638,187107.24994658888
1639,175071.69737818866
1640,271437.9257902617
1641,175801.3450832346
1642,233990.10790158954
1643,221318.58229471362
1644,231635.77656166852
1645,201150.87287631744
1646,160950.7347853712
1647,158313.04968016737
1648,133713.3929451239
1649,134739.25612810891
1650,120692.56675586542
1651,122245.60603660592
1652,92271.63892521284
1653,95032.64806375945
1654,145855.6139362361
1655,144178.63050684074
1656,150185.73519886608
1657,146585.6862908971
1658,147837.98032055705
1659,129332.08902625355
1660,153557.2886247701
1661,414464.1609622464
1662,439334.6245368936
1663,391907.8044974483
1664,443515.64265122946
1665,301237.61403824046
1666,322536.3537661499
1667,368391.65131934464
1668,339324.44752924104
1669,290288.3193469389
1670,352224.3648309912
1671,264394.13664444105
1672,423273.99116183235
1673,282166.3789104588
1674,241211.2040050991
1675,193737.21217788756
1676,194371.86328810413
1677,220655.36366322267
1678,492016.0974490904
1679,366885.3084522102
1680,366305.57602976606
1681,245317.88793132038
1682,301742.89437452273
1683,174151.7346360297
1684,169899.9572888667
1685,171748.34005253672
1686,165138.0200930936
1687,163408.56952809446
1688,188121.89291688704
1689,196264.51409085162
1690,194615.78922224866
1691,176949.10003839427
1692,257634.49294952495
1693,166390.35595309557
1694,184003.33675860072
1695,168795.17205693646
1696,276870.0579859042
1697,174760.71718629592
1698,363435.79868865985
1699,321292.8373250044
1700,250226.4040218986
1701,266106.9831994879
1702,258082.91802074295
1703,252985.43054090143
1704,286433.54892906983
1705,223196.8583958867
1706,419959.7329678803
1707,206383.09770212
1708,200972.32483025623
1709,273604.68601977796
1710,219717.10750668164
1711,260369.77986824088
1712,276240.19271448866
1713,280032.0798213716
1714,229689.1209134001
1715,206721.3411394468
1716,180677.91260620853
1717,168589.25575522715
1718,131507.7800708418
1719,194466.71855008314
1720,252482.4730366934
1721,159614.9526069906
1722,118590.97755810179
1723,153808.32107901547
1724,217502.1147800204
1725,252641.66962378946
1726,194110.07644832585
1727,164126.36837776285
1728,155342.2810966454
1729,168940.00740379092
1730,153689.5089061202
1731,120958.84668341921
1732,135392.55648223704
1733,122404.34583422248
1734,127641.67159044874
1735,124658.87563445544
1736,119614.4778540667
1737,326937.3949717765
1738,215784.2982330497
1739,272894.19257129583
1740,236776.49243532875
1741,199428.3304011798
1742,175850.49800121694
1743,175130.45572881174
1744,322685.17391014774
1745,216418.52211688858
1746,174089.63786792703
1747,221892.70878412676
1748,231313.14271745444
1749,151816.1877886628
1750,128232.58434593599
1751,235598.27468511194
1752,124371.01473494398
1753,140333.68621979683
1754,196544.82398548027
1755,170112.27721879858
1756,135036.22965423414
1757,122392.07726874083
1758,145543.44597918523
1759,162331.21070129372
1760,170849.6240112613
1761,139971.81393137996
1762,182586.89839955434
1763,172399.9359237064
1764,107517.8840032118
1765,129714.24084242784
1766,175573.99847319027
1767,217167.97763488645
1768,145621.6186897541
1769,176508.52454927383
1770,143504.3957787247
1771,127156.99969124924
1772,133760.9469462239
1773,137545.99805559343
1774,122352.63099153047
1775,139848.76763292812
1776,124201.82333620414
1777,111120.48948756576
1778,139986.1428708079
1779,110658.10540725054
1780,171324.1270757358
1781,130269.276346515
1782,92422.81583293625
1783,137016.41837753766
1784,104586.18643159984
1785,118918.02582083656
1786,139399.17198430127
1787,158505.58348500606
1788,54050.189217943866
1789,100121.88560626144
1790,83379.67004987133
1791,176774.60790007724
1792,159243.21722904863
1793,135855.89086494915
1794,146901.87396775515
1795,130493.01453229919
1796,115688.34208678873
1797,113283.23223027591
1798,128378.14541892034
1799,108145.5422908355
1800,132316.80771597617
1801,132552.07348782936
1802,122066.97328177426
1803,150324.6202464646
1804,141205.69758257383
1805,137048.6531284957
1806,110798.34392533751
1807,127485.53853412496
1808,114800.72357918748
1809,116636.78290871816
1810,150021.90310125938
1811,97660.30799430609
1812,98176.32580213861
1813,132985.78741243304
1814,103493.07555671765
1815,52754.13455108282
1816,95926.309218077
1817,107484.28799269765
1818,143106.26711797787
1819,122449.0873357224
1820,43630.18911988695
1821,102107.59184488186
1822,149453.87500871692
1823,41261.95288478394
1824,129366.22447734178
1825,129635.0006068883
1826,103340.47227876764
1827,105002.47083223346
1828,134293.34452121126
1829,122515.77043177403
1830,135962.42640811417
1831,152892.22083342395
1832,63109.97556844992
1833,143457.93077674592
1834,123151.2196449901
1835,131878.31195216192
1836,126345.64015410723
1837,93267.7116979261
1838,121971.55180501554
1839,87489.74824574655
1840,166310.15647024947
1841,131744.7867977445
1842,80780.21387990238
1843,136227.17053539725
1844,136903.71976744072
1845,134433.42371058933
1846,148273.74554503636
1847,157853.53836616132
1848,56534.07506039623
1849,102862.60051844691
1850,117412.12472651462
1851,154418.45728715463
1852,118511.62259805332
1853,135449.66140286397
1854,171029.70136170962
1855,145566.76514347387
1856,216784.24770921867
1857,133036.27790846815
1858,139777.1874213252
1859,119595.06111016098
1860,153118.30182600333
1861,118407.33917628281
1862,347924.6757581461
1863,327005.45104076597
1864,327005.45104076597
1865,343342.4081878845
1866,334510.4031813918
1867,233320.90869543195
1868,304679.12731964834
1869,201523.45937529276
1870,229823.65591713708
1871,240481.55746153268
1872,168575.34621158178
1873,247034.97812769908
1874,146737.86671257587
1875,196322.85891709203
1876,195634.943983123
1877,207585.05397026462
1878,205226.25738637857
1879,133424.07264841447
1880,138084.75520740816
1881,240049.90701940193
1882,247061.34325176736
1883,193077.95529534703
1884,204103.0728233624
1885,240850.0156119849
1886,308773.5686985022
1887,200848.18248072822
1888,274726.9594756192
1889,155199.68364293946
1890,118683.65855669204
1891,132235.94797969042
1892,102303.40754084299
1893,129828.2981073897
1894,123748.21001421587
1895,142374.19342929675
1896,126449.34183621367
1897,111945.87816287538
1898,111041.64852560108
1899,149411.94535375925
1900,148038.92154364995
1901,180562.0389279163
1902,143779.19128818964
1903,200198.48661786303
1904,146589.25394449368
1905,184792.83452868997
1906,133751.67637526884
1907,177227.26445031818
1908,112584.35874591576
1909,137226.98285826744
1910,121204.55158764761
1911,212155.13565230265
1912,327676.13969958614
1913,147041.12360853315
1914,51707.353384677386
1915,303357.28548606375
1916,74156.7620086109
1917,247450.34822069493
1918,144297.68362532314
1919,171881.5211653237
1920,130416.82393954492
1921,417325.39340435946
1922,323316.26840341144
1923,213730.0248622902
1924,218551.23330299248
1925,190525.27176268533
1926,394215.01231506804
1927,131612.97333884257
1928,157266.29464463444
1929,122574.95240086863
1930,128001.89564767067
1931,147949.5363235141
1932,139814.706141606
1933,203004.1849370363
1934,186053.63684954905
1935,174149.87069089586
1936,192701.75734943926
1937,182722.3613066587
1938,176991.4887366732
1939,254336.08709792251
1940,192353.4216771438
1941,176621.75480984122
1942,190847.00474034325
1943,207196.84503621075
1944,372133.7331944025
1945,403480.1973224696
1946,140088.3718435311
1947,325617.053870009
1948,175271.1127807464
1949,256780.06540433152
1950,180324.34921393398
1951,252464.55037911236
1952,219982.9829701847
1953,169887.4838886753
1954,179819.17757878805
1955,132186.62596477044
1956,316335.76409041317
1957,154961.64663143505
1958,334882.2823760252
1959,137707.93983351492
1960,114079.65828956012
1961,120942.46276442436
1962,92449.25878079886
1963,99854.20957558078
1964,108603.59752752812
1965,152127.22871554995
1966,141391.16624698963
1967,276707.96612765384
1968,428431.7368571796
1969,401605.56681878504
1970,451484.05343755515
1971,466126.5937972537
1972,398206.7302996547
1973,254008.77551603678
1974,323195.87730487535
1975,473866.1731040629
1976,263572.5803497441
1977,355308.5412920688
1978,338886.0220277115
1979,350300.6476982107
1980,191042.13702859666
1981,353825.8989998602
1982,219815.47847005798
1983,206883.25994585647
1984,166916.73169692047
1985,222595.99411008877
1986,219639.12972266696
1987,176984.82981021455
1988,176714.63166294905
1989,195471.3124230231
1990,208775.05723901527
1991,229389.4707221632
1992,210814.11166593348
1993,166424.4716200926
1994,236784.49069710207
1995,181901.16315060577
1996,254210.16237939062
1997,290567.8652909465
1998,340416.0960848623
1999,260425.91844804827
2000,323234.9124550169
2001,256410.12313328846
2002,256268.77123710234
2003,259611.8630721193
2004,272287.3153871304
2005,217070.08647854746
2006,222353.7599949984
2007,244038.75348499708
2008,222810.73559898278
2009,196714.51597423456
2010,195957.38672562636
2011,130770.81360443115
2012,172352.28130102708
2013,184722.2265384785
2014,193045.45912610556
2015,215964.55380453073
2016,196187.78930561047
2017,200981.06059009748
2018,117974.94375481887
2019,136326.06885304957
2020,103830.69254282147
2021,112320.19900157378
2022,178888.32106784143
2023,139851.70579833357
2024,256415.2479872512
2025,324963.7811284425
2026,177159.22939106703
2027,156234.0302130064
2028,148930.25858882518
2029,171948.70264882105
2030,277316.08457436267
2031,231125.85645186048
2032,248413.72111303214
2033,269187.0121012961
2034,164876.1707103335
2035,210138.59882212133
2036,198677.01796443496
2037,205287.4262878272
2038,289112.6764120579
2039,220718.9067092834
2040,278560.87250092643
2041,303872.206139405
2042,204123.77187113563
2043,172020.69342626873
2044,172577.75066257783
2045,213717.8901519874
2046,140065.23448068587
2047,148883.68479541983
2048,135902.73929973238
2049,135228.47434515713
2050,183935.48692027753
2051,104746.02600008227
2052,127818.62574097603
2053,141452.28877693627
2054,70947.73869296082
2055,165252.41943105886
2056,136301.73303437926
2057,113576.64015812315
2058,220182.09666955977
2059,132315.43062756243
2060,172745.78240587152
2061,172250.92181246096
2062,133115.39897921312
2063,111328.04216684806
2064,142796.25206522818
2065,123518.67196088782
2066,159802.3469360394
2067,95706.85699086265
2068,142142.8059080429
2069,88743.40972879244
2070,114071.52412452485
2071,95712.61914239022
2072,121132.50638399915
2073,140149.60221447755
2074,190874.77548037
2075,148361.64355018755
2076,124953.93608500996
2077,158328.11734843967
2078,131903.18812229723
2079,132722.46052782232
2080,116131.152673098
2081,126980.56536086858
2082,126013.45750036449
2083,146110.9276190027
2084,109687.86515990604
2085,123368.27578302153
2086,110522.554566188
2087,121324.75265395128
2088,87362.32945190826
2089,73736.9800616452
2090,120678.21380831036
2091,122178.3558801364
2092,125441.24842009158
2093,118887.49355244057
2094,110292.62011617076
2095,152753.90673130925
2096,77221.49042672387
2097,92269.76746353648
2098,152242.18345778564
2099,53682.05182442746
2100,64002.924384205246
2101,121420.55998560823
2102,117961.10087259352
2103,103833.48026983457
2104,123655.67481683951
2105,119565.16620481812
2106,69953.10258396383
2107,193284.97681634684
2108,112102.99605151317
2109,111538.06175648404
2110,132246.42672744338
2111,134659.98492626142
2112,141623.59799776794
2113,122365.60410596617
2114,105931.59881119436
2115,167609.40930057855
2116,119985.50707902931
2117,153355.22292856613
2118,119910.70897985484
2119,106982.32443636398
2120,106804.43277107917
2121,84087.95348594089
2122,114694.6953727451
2123,88677.35517208902
2124,166768.71478827755
2125,116231.7396247296
2126,149748.23915639977
2127,146253.41278533317
2128,113683.20613717075
2129,96776.62566889389
2130,143801.7447682368
2131,141134.5676389906
2132,114470.7506478716
2133,129709.79159045545
2134,120310.40317627016
2135,100183.43523255047
2136,77384.36572534767
2137,114242.23150645057
2138,133682.99338738565
2139,149621.04742678552
2140,137648.21284765008
2141,143299.4923946883
2142,125233.1142029838
2143,149377.22494952916
2144,114516.44878655867
2145,134938.42086758828
2146,168352.0246403239
2147,148309.819860246
2148,125640.38110740801
2149,141406.89926946387
2150,228340.90587255926
2151,111000.88899769567
2152,168776.41876506148
2153,177270.98752720366
2154,103944.53978343657
2155,137164.8910766897
2156,284705.20880085375
2157,230979.67155399834
2158,238982.14922107264
2159,205596.99135847262
2160,168987.01436247342
2161,237375.6567135211
2162,388541.5561798107
2163,344877.08979187167
2164,233221.59432306085
2165,189451.76028039536
2166,149652.6804079092
2167,216372.77137802594
2168,208614.32902431831
2169,198933.50843612754
2170,228568.77977329819
2171,148348.57107657153
2172,129491.67189759908
2173,173764.4916612723
2174,230871.74192483973
2175,308050.377352645
2176,337998.42804125644
2177,238516.40371118725
2178,208486.96069088829
2179,143711.29674463914
2180,213245.21304321836
2181,184773.07690366756
2182,216632.01210884892
2183,186616.0285766601
2184,126154.20070848947
2185,121916.98793543136
2186,146401.944150865
2187,151933.5325479719
2188,163283.77409613042
2189,243268.4032194657
2190,76113.03365398203
2191,76818.08391373698
2192,86627.64097765525
2193,97914.55187954885
2194,98044.98005231752
2195,114548.97180613979
2196,95829.00761857787
2197,112726.27289840394
2198,163156.26553415955
2199,168805.64921627496
2200,151048.95296786667
2201,139557.91233629835
2202,212234.46487484657
2203,135190.0631944759
2204,189788.3191457615
2205,115102.98013628817
2206,138671.23011109413
2207,208062.28212738739
2208,253965.76519154105
2209,239926.04924470795
2210,122470.3268974507
2211,114569.28169642253
2212,117003.45255537139
2213,101682.11890925112
2214,130192.76659021094
2215,101613.07465272804
2216,147642.89160085868
2217,85072.84923042466
2218,54996.31670461157
2219,58617.91293284263
2220,48960.72122790578
2221,300950.490223323
2222,279403.4715388861
2223,297412.40245439834
2224,206667.82954143282
2225,112970.53300793374
2226,190942.70698371052
2227,202241.2875131299
2228,259039.33225902967
2229,248530.70944746915
2230,160514.18532142934
2231,207275.52955144588
2232,175712.71080991428
2233,168151.0547062376
2234,228613.71052786603
2235,209833.29983034596
2236,272780.5559577667
2237,349772.2729809351
2238,204086.0177826796
2239,95820.80644937695
2240,157865.2820457258
2241,148699.96219547838
2242,132386.10194757997
2243,126961.76717928649
2244,105053.73061206512
2245,98431.85833244747
2246,136626.9431692397
2247,104973.21554513555
2248,126431.63344709856
2249,130644.76899377539
2250,136972.23508934
2251,98090.83011842796
2252,167244.52045679948
2253,153115.4206512365
2254,175936.99641308974
2255,190554.42090938453
2256,186797.71607969532
2257,214061.49122584067
2258,164077.60324664708
2259,181391.32884686123
2260,149060.94761502836
2261,185654.4185305587
2262,210653.0146461918
2263,369456.87790225534
2264,465601.5635533402
2265,165604.81727818566
2266,337740.8345716087
2267,376478.0840551425
2268,404254.3695982115
2269,149507.85928917804
2270,194192.6690718893
2271,220752.60343878996
2272,188824.46092820706
2273,164250.55101733192
2274,179433.3918280189
2275,166734.09997939912
2276,195605.46409938103
2277,189282.00129446355
2278,149854.40401812986
2279,127040.11483236804
2280,116996.70533120219
2281,170630.88590343206
2282,185884.52942134524
2283,105323.11933626997
2284,108019.37732284512
2285,143722.80526525693
2286,121216.51172506905
2287,343965.10698311887
2288,264284.61331675446
2289,384723.2220396583
2290,442045.17523368716
2291,309421.74750390026
2292,429436.1127010018
2293,450636.9164744172
2294,414765.7082484137
2295,441313.40791929455
2296,281333.0900816442
2297,316267.9692211317
2298,318869.08198559843
2299,369899.3200021168
2300,344369.9174670983
2301,278794.9066121971
2302,248371.5823626722
2303,231584.59156285625
2304,237337.17716531723
2305,185999.5150483713
2306,184065.41542640864
2307,192382.70390540277
2308,229216.12910325185
2309,278258.61543149676
2310,209999.73436262444
2311,192622.61437976113
2312,173638.2991068836
2313,176435.22006941048
2314,167216.6635117465
2315,177821.77918200416
2316,178454.9989182395
2317,184860.17714331043
2318,173816.45710400032
2319,178400.30896545036
2320,181863.54865451236
2321,233466.97048416664
2322,170763.00727255063
2323,184324.84867208794
2324,167660.66806587708
2325,213606.93959170408
2326,163299.81788720234
2327,206211.29809812497
2328,224223.03446149224
2329,190256.3229486129
2330,183132.4552013471
2331,358873.9684541898
2332,372190.53777521854
2333,324670.640544502
2334,241734.8142090617
2335,267483.3340679653
2336,341221.6770025499
2337,197445.94576469978
2338,273047.07210568886
2339,222443.5464178708
2340,398479.94663935754
2341,214755.86563082147
2342,230349.4801763685
2343,225689.23112357536
2344,218254.98044485578
2345,236207.29139863356
2346,206226.681913844
2347,198681.81599359817
2348,235415.096955859
2349,175256.86550287085
2350,290224.2106503595
2351,252982.4873656266
2352,249968.26090983438
2353,230297.23895906232
2354,131439.49536041694
2355,138349.53645437706
2356,150753.58315014702
2357,193931.56282525396
2358,193399.3188821172
2359,135005.54248441246
2360,113386.41059691482
2361,147174.3765274587
2362,297378.4450567148
2363,139810.19464218084
2364,153455.20663969906
2365,209286.3666678894
2366,183011.83084575614
2367,226967.50703340748
2368,215447.48312965865
2369,221406.2562177147
2370,169981.10787274083
2371,173648.58328514587
2372,194557.4339448012
2373,285842.42628831306
2374,340954.6255423716
2375,259488.9795191546
2376,284449.3275499198
2377,353998.99134306115
2378,140609.71759423972
2379,206384.27067857713
2380,149179.5438882633
2381,164193.24925898665
2382,193404.7356975829
2383,205833.1104681776
2384,247584.67207090318
2385,160139.45351039074
2386,134991.3099348807
2387,138267.91730331382
2388,94637.312925632
2389,125767.1780665418
2390,149285.3167689429
2391,144330.77614884882
2392,115582.47162160013
2393,163727.2855139583
2394,147688.6137125452
2395,212805.61813068754
2396,147102.4913375395
2397,218540.86733099152
2398,138592.24816027645
2399,57306.23229683387
2400,48629.58520374947
2401,111757.19258905557
2402,132437.5117528691
2403,132557.92273766434
2404,146726.2570066579
2405,159755.04257159945
2406,141202.1332789036
2407,119647.20977909732
2408,137069.9524424573
2409,122104.04034071534
2410,165483.6865320595
2411,122274.28295840212
2412,161278.12940980276
2413,126385.59707252719
2414,142968.75923971963
2415,127505.3075294674
2416,129315.88524736036
2417,131228.5042361451
2418,129853.62220387186
2419,130384.734093951
2420,128252.44436819907
2421,150659.86336842942
2422,108643.85804140166
2423,113672.03139535549
2424,147983.77924318146
2425,201886.88082630443
2426,135087.4938645092
2427,128349.00848526935
2428,174840.70709734826
2429,115028.06179005641
2430,133735.97478693668
2431,113766.76217299236
2432,147047.15384892753
2433,147553.4881765582
2434,141821.34171058278
2435,156554.73836389318
2436,107142.38797836307
2437,111807.37053485528
2438,131829.3843174881
2439,105895.53024965237
2440,121597.97630113646
2441,81494.65770506777
2442,95700.64817353849
2443,121774.87573119777
2444,126338.92881001954
2445,78379.96882825205
2446,134617.2150474226
2447,186701.81778025796
2448,135117.33198701605
2449,102664.82649503526
2450,146295.8092839281
2451,127926.05172756642
2452,196052.8977421107
2453,83574.167160839
2454,115640.62203554276
2455,119532.56369024105
2456,134944.90501379222
2457,128491.23834412439
2458,126586.15772639232
2459,110513.94308510212
2460,135187.3108196293
2461,115886.45504003132
2462,137882.84585376712
2463,123247.13690060467
2464,166464.35547372483
2465,144303.9852418902
2466,119402.13051691776
2467,136149.8705550562
2468,75708.09003997946
2469,78485.3877642811
2470,184567.8869024294
2471,218059.63935844458
2472,155019.18152159083
2473,124810.59009380818
2474,77591.74164982948
2475,207447.58710727622
2476,114424.48636065371
2477,129398.18512905197
2478,150760.94279319255
2479,104546.69750705743
2480,148636.21528274886
2481,124694.55915127764
2482,134039.32661884604
2483,114839.4816622669
2484,122586.68248091685
2485,123966.62012028732
2486,157343.13477085147
2487,139671.69155235693
2488,156265.13743946233
2489,150409.00481410907
2490,154931.18875501372
2491,89180.20335570577
2492,187664.31512124266
2493,138196.08935409295
2494,148576.64600890758
2495,90157.88748679038
2496,247687.4137614136
2497,142838.2118095622
2498,114779.38549050275
2499,94539.22988710353
2500,140611.52561620323
2501,136361.958097594
2502,155276.8132000001
2503,95741.82533400143
2504,178394.30762812484
2505,221072.5987347411
2506,254203.80798307207
2507,285322.2254664069
2508,254095.90815126963
2509,213873.79624652572
2510,217440.70285279994
2511,179755.908895705
2512,204459.6768970235
2513,217521.13750186117
2514,251590.33906353067
2515,148331.75469666804
2516,171150.74234931968
2517,140114.76412949144
2518,146867.04600867003
2519,226090.76456095563
2520,213682.10262066443
2521,190329.16392417217
2522,222152.19569207582
2523,126979.8984125133
2524,135030.0179014454
2525,145757.08203140803
2526,137902.9155641827
2527,109141.00982977042
2528,132766.72595690773
2529,132633.02002255578
2530,119556.83122629496
2531,259167.07319909576
2532,221843.00694463434
2533,199413.61370207922
2534,225618.3124462722
2535,325215.91894966783
2536,230928.5680255498
2537,226335.38453774073
2538,179582.75724703347
2539,183772.8958442185
2540,177642.2979458819
2541,180596.99971832702
2542,171072.31260042352
2543,130423.72958151053
2544,123729.31007182719
2545,133259.7776191959
2546,134949.07493064145
2547,123885.40968594437
2548,145907.35364394044
2549,160519.4390549518
2550,219933.15226240334
2551,139930.2247131008
2552,128853.32050372925
2553,68548.72706871001
2554,99233.94230863932
2555,113451.35193598509
2556,103923.26183872277
2557,114536.80808927347
2558,121935.77036742622
2559,141740.5499688664
2560,152032.3347663061
2561,137922.36967286104
2562,136311.59978328913
2563,150340.12191110087
2564,212098.05518767537
2565,135006.89149559
2566,165782.09091265037
2567,133064.07455135536
2568,194684.48354843972
2569,206023.88281513826
2570,120154.02186751911
2571,184319.17683315775
2572,154114.2340412881
2573,212060.57746159265
2574,277727.1890247778
2575,130803.66113487772
2576,121049.73279803457
2577,161108.24495230944
2578,76626.17979122774
2579,61910.202499933774
2580,104852.18894455247
2581,97885.32921308505
2582,89480.45111206657
2583,271201.00632918184
2584,171201.56194755886
2585,176475.9076984443
2586,213470.7787596774
2587,191998.93170656924
2588,147225.37094599952
2589,149804.25185037972
2590,213299.72799516222
2591,211551.66475750087
2592,210937.16642606456
2593,263995.57268226735
2594,173572.26848491
2595,198798.13363494715
2596,307953.07749348826
2597,187616.36920607273
2598,282015.43488260073
2599,298149.35525341803
2600,149163.57506936893
2601,158901.59209301276
2602,80552.43970661997
2603,92632.93990875159
2604,84816.79675512562
2605,76363.90152641843
2606,145991.5940571822
2607,190248.4459427535
2608,197127.06941580688
2609,168292.35088814932
2610,105335.79859259172
2611,113020.62374560356
2612,153014.40985931744
2613,129641.77506376119
2614,127468.21646733781
2615,150591.15416216874
2616,143137.37236338115
2617,181533.32539928023
2618,200207.8336142053
2619,194689.0782507433
2620,189157.47330366255
2621,175763.72212055293
2622,177259.7641005832
2623,253919.4011594601
2624,311792.66972851433
2625,321714.538488814
2626,178641.7523559261
2627,170755.09567393182
2628,522187.8073760873
2629,547936.6015818388
2630,359031.0553037028
2631,449619.07316736504
2632,420117.7178712275
2633,341268.77009044786
2634,418631.7789445822
2635,161482.94139391676
2636,170006.84979563495
2637,179623.43715469833
2638,265497.6768084243
2639,196597.91868307028
2640,154704.96583838496
2641,106179.00921558097
2642,188265.56426009355
2643,100077.40039065664
2644,125064.30455870678
2645,100844.17772109743
2646,93056.13241056397
2647,105595.19861666697
2648,146920.16319830026
2649,151343.06204778532
2650,138751.42863031928
2651,145934.33712319937
2652,404092.0789083791
2653,241682.26140918033
2654,240866.24293427746
2655,416350.53675652365
2656,290381.2724146265
2657,344478.3533985874
2658,289514.13216861954
2659,283845.4264623374
2660,349471.07471052324
2661,350715.12752208696
2662,349418.11034257244
2663,284062.97111866216
2664,265005.73403593904
2665,320871.052586797
2666,284952.89139174414
2667,167652.02426357873
2668,177370.54290295477
2669,174690.06784413324
2670,259182.00127515142
2671,181478.75974934854
2672,184951.75739948606
2673,203402.25286498977
2674,197302.14175799073
2675,169949.85927704803
2676,189061.1615247545
2677,191338.29407281888
2678,254233.08393898356
2679,278230.4269034813
2680,274560.60800469393
2681,390518.3511258577
2682,334682.03717098304
2683,553403.4753003992
2684,312556.6094877121
2685,325109.8753272811
2686,258226.78704660948
2687,345612.797208236
2688,211901.47840474462
2689,204631.26953916156
2690,458770.0581518714
2691,196275.02051587592
2692,131095.51011163823
2693,183202.27718867725
2694,129336.93479436806
2695,198817.42156575687
2696,187022.7586138508
2697,188963.98054389417
2698,196241.27909814517
2699,179126.64637783883
2700,159836.7167059071
2701,131608.5148245722
2702,101977.58974262344
2703,110068.66531948572
2704,142666.1399565022
2705,121346.4049618941
2706,111396.21900665927
2707,122355.70766439669
2708,139354.46990037934
2709,107749.37577486158
2710,132624.09029758902
2711,303851.54145211406
2712,398591.78119931446
2713,170800.19194116816
2714,151663.22586451695
2715,171119.94019639454
2716,143805.81435086273
2717,178741.5110548041
2718,235733.62370520868
2719,153277.406186453
2720,166755.7136183218
2721,139626.30014673353
2722,164130.6904663388
2723,138945.34870893377
2724,133128.01925784806
2725,134388.49459587614
2726,150509.95311321144
2727,184325.29743490406
2728,173361.25227243072
2729,161321.80049595213
2730,145545.11334166882
2731,131306.57886218998
2732,126709.87213460082
2733,163452.4998567915
2734,147047.78866600269
2735,138185.1579882589
2736,140512.02998765046
2737,127525.43622107786
2738,127491.588173719
2739,166640.30830325812
2740,135889.51138872633
2741,139525.41293537154
2742,147053.0194795862
2743,146614.03781497767
2744,161327.30950892408
2745,138486.99683585513
2746,137974.99986300684
2747,143326.9678174433
2748,115866.99744694732
2749,128764.15834213988
2750,134694.35542230055
2751,133804.23816513998
2752,177142.26960055833
2753,161817.62842982882
2754,209092.79674080678
2755,131910.64114297446
2756,90430.57309512164
2757,65022.54314941516
2758,75496.21709259009
2759,169718.53356164604
2760,121121.95215214285
2761,145826.23440555797
2762,146973.40302667717
2763,179995.14593387308
2764,135765.64674008524
2765,287339.29743075615
2766,122711.78572660532
2767,82519.34458816586
2768,124647.24781645364
2769,133705.43032694794
2770,134182.99433538277
2771,112597.51165094368
2772,109954.1766195188
2773,160896.83753562215
2774,139874.8841737991
2775,110031.4748881971
2776,138648.82681581294
2777,142681.06831442454
2778,97190.14201669775
2779,129685.4085598731
2780,101851.52308326923
2781,100776.21783691643
2782,90821.90419671735
2783,108425.00766860049
2784,124284.46955959786
2785,142410.5992169655
2786,71066.05917455883
2787,121765.9692858701
2788,71685.53231811972
2789,174763.6073895473
2790,92237.49160935382
2791,119771.20870872417
2792,53937.92705329483
2793,141844.29988376386
2794,98003.22173213167
2795,119988.5936510517
2796,96123.47697539839
2797,181265.42245762236
2798,104534.37236177151
2799,121585.23719542283
2800,62211.67706332642
2801,108410.85980477896
2802,132409.8134452919
2803,153582.74678789414
2804,124298.79603115247
2805,95950.15435699536
2806,77417.26145479816
2807,156992.43461060044
2808,151782.6996651617
2809,136920.99809608795
2810,132813.5356295532
2811,159430.95591710898
2812,153595.8484070576
2813,144319.53641667817
2814,148333.59442878718
2815,94094.04078514769
2816,249861.38486312755
2817,156775.9429100865
2818,128003.95302242764
2819,150420.86927482887
2820,141997.07694727223
2821,101456.08911957464
2822,181868.2657001538
2823,296835.1939296801
2824,192993.28566207594
2825,154394.44747954913
2826,128217.54387128746
2827,135736.34226327128
2828,210244.88320442842
2829,207586.28448811296
2830,218761.37708068476
2831,173328.96246754256
2832,256728.74314791214
2833,290598.6628720809
2834,209383.88501082387
2835,219251.85180272418
2836,191184.06943357943
2837,158361.00919576795
2838,151248.6200498395
2839,180882.12432678076
2840,196945.2255114984
2841,209239.3285124054
2842,233155.2512852179
2843,152390.84562368956
2844,156665.72952004682
2845,121726.30784019906
2846,214451.72979545523
2847,203307.76014779945
2848,211688.6778849161
2849,198225.20369519925
2850,283433.65567250154
2851,213901.0451914196
2852,226067.97777782724
2853,235170.56500306822
2854,144708.1483181278
2855,197930.4244491585
2856,201938.4614453059
2857,187292.25363923408
2858,196095.46708339264
2859,122391.0675422353
2860,122853.11803084458
2861,117260.05480504701
2862,187283.35483170353
2863,123044.0429207811
2864,242649.96181964234
2865,143025.61239572294
2866,132442.60546095218
2867,98848.72666330788
2868,89314.95324836597
2869,117873.0887040561
2870,118108.46533065241
2871,78022.5061735722
2872,48245.523536500485
2873,90866.62371910096
2874,143310.4052354453
2875,118861.72196178969
2876,165529.07210959887
2877,135462.35756173992
2878,168540.75496314443
2879,136822.9535850187
2880,98745.97484126932
2881,152603.2486503288
2882,178135.0728065659
2883,191909.32987009035
2884,191060.0864823864
2885,191566.28760359672
2886,234344.2008055893
2887,97512.74097525315
2888,139242.8414561523
2889,55552.537851421985
2890,86365.16862653907
2891,142072.30663956638
2892,45864.86894542957
2893,79121.03692901965
2894,53239.1326488251
2895,311924.64306293917
2896,273848.48211445316
2897,197912.3306601532
2898,132901.83369380108
2899,206142.2471917837
2900,156863.95956534587
2901,187417.4129724736
2902,180630.09986465858
2903,330910.0903510564
2904,336370.6697755352
2905,83381.18066716383
2906,208779.59835063826
2907,110032.89534701845
2908,132450.70344574846
2909,134882.15722247463
2910,80047.41455436732
2911,75085.34932047167
2912,139923.4868027538
2913,82286.98101631568
2914,72862.14300787266
2915,79059.5651888707
2916,79136.72777828552
2917,149746.9569125217
2918,110114.9524554419
2919,211633.16058720337
