Id,SalePrice
1461,11.71650568504597
1462,11.97843916344218
1463,12.177203265717347
1464,12.185766332641952
1465,12.122251125556275
1466,12.06728641415896
1467,12.091406566552545
1468,12.023840501913895
1469,12.136364861583377
1470,11.748097753670493
1471,12.177243307738774
1472,11.453175299390592
1473,11.49515086899723
1474,11.913641728781993
1475,11.61135385353256
1476,12.78849239190788
1477,12.396873726907398
1478,12.549757480221068
1479,12.550566362612257
1480,13.11440727915206
1481,12.706157556721497
1482,12.213243663273406
1483,12.087354068787189
1484,12.009007512574184
1485,12.121181812391765
1486,12.190738783339281
1487,12.738768643522718
1488,12.365675154965798
1489,12.240647682061432
1490,12.377851846235606
1491,12.16214171527049
1492,11.457458557748687
1493,12.107104919163737
1494,12.5632758830115
1495,12.54931008923355
1496,12.413091970083975
1497,12.113612615940637
1498,12.018751138775697
1499,12.015437577423334
1500,12.008544757255086
1501,12.137339197287169
1502,11.907506476071559
1503,12.608656521118178
1504,12.38889147468231
1505,12.315725034330185
1506,12.150282717743062
1507,12.436033070658034
1508,12.205097853016687
1509,11.998546182305185
1510,11.905136245588373
1511,11.910626603487588
1512,12.047555682216602
1513,11.909107628395297
1514,11.878834736348844
1515,12.168686912316518
1516,11.884303000398315
1517,12.00689277381579
1518,11.789051742644286
1519,12.356343643994105
1520,11.823801600785677
1521,11.848512124180228
1522,11.992219710371568
1523,11.630538638029096
1524,11.696500721049834
1525,11.733190055650923
1526,11.661830521226516
1527,11.589644178595083
1528,11.785682351011646
1529,11.93520506194937
1530,12.038313787050303
1531,11.643601028284758
1532,11.46939598168291
1533,11.919033390211833
1534,11.660716625519964
1535,11.901929258033256
1536,11.609959777945889
1537,11.207925209955544
1538,11.829564471332215
1539,12.1522484303068
1540,11.431482999647352
1541,11.882882711084795
1542,11.83994304006274
1543,12.213031374529105
1544,11.256201425943898
1545,11.60540305293092
1546,11.78594078701315
1547,11.840970202333581
1548,11.8593489818925
1549,11.650069019324961
1550,11.844405508507542
1551,11.65921650512536
1552,11.908881672455312
1553,11.847334508217987
1554,11.666132128168982
1555,12.024144678623427
1556,11.286078036773546
1557,11.526921183197581
1558,11.465724859627821
1559,11.160016234193282
1560,11.85980233600743
1561,11.780090371021577
1562,11.755233674321195
1563,11.748512207744536
1564,11.982958760259542
1565,11.946683148844645
1566,12.348098090015485
1567,11.186834281747776
1568,12.32075877410268
1569,11.815947083672956
1570,11.839479622775427
1571,11.628475691652378
1572,11.885730010697145
1573,12.39234465074902
1574,11.664641419202894
1575,12.309379008059091
1576,12.442674709829975
1577,12.196041178668885
1578,11.90129485884034
1579,11.884800448963558
1580,12.165704584121032
1581,11.918114923395969
1582,11.760054028226374
1583,12.662406234665784
1584,12.328501457806992
1585,11.846362663268586
1586,11.181460106759372
1587,11.493760307165186
1588,11.925321135162177
1589,11.496379548477105
1590,11.760122962944306
1591,11.418534305655053
1592,11.649312518217036
1593,11.736914707539558
1594,11.78574270528102
1595,11.58720880343539
1596,12.384431181041167
1597,12.092136244679956
1598,12.216374552498626
1599,12.060147128210835
1600,11.996055596074488
1601,11.12930156028545
1602,11.674764951488694
1603,11.187817648923609
1604,12.463228998941533
1605,12.308230741893398
1606,11.97662954650627
1607,11.932172112981203
1608,12.246327404047
1609,12.145716485905904
1610,12.006629641831607
1611,11.839574194651375
1612,12.054875778090635
1613,12.022895379386977
1614,11.73215780635435
1615,11.341110491177224
1616,11.188324343476484
1617,11.390844551887131
1618,11.685893062789805
1619,11.816682139112206
1620,12.007737649397258
1621,11.850496001290495
1622,11.822589927698932
1623,12.450450983383083
1624,12.267885746959696
1625,11.691060673920825
1626,11.986183501618152
1627,12.154460235313076
1628,12.549693595755915
1629,12.115659655759966
1630,12.791044836759882
1631,12.231043224584017
1632,12.339304197264871
1633,12.090886293345601
1634,12.13938372789351
1635,12.10845220901628
1636,11.964812882245598
1637,12.214667034206341
1638,12.157719050320818
1639,12.088368901054908
1640,12.494875374042353
1641,12.064709885027241
1642,12.36765977378255
1643,12.291652279865179
1644,12.355118502324832
1645,12.216407675435798
1646,11.978013780356635
1647,11.942190162524671
1648,11.80348845905104
1649,11.831466230318634
1650,11.685508990537901
1651,11.69822397549408
1652,11.468087541964545
1653,11.504920185127833
1654,11.912506613585009
1655,11.851364256977723
1656,11.871628739496044
1657,11.918175921234173
1658,11.891050802006802
1659,11.710309128405129
1660,11.98106446304383
1661,12.991093998478314
1662,12.853445794918798
1663,12.88964069650805
1664,12.965959779365916
1665,12.627371745207709
1666,12.715000679300472
1667,12.810385601237927
1668,12.760680044626236
1669,12.574758639169612
1670,12.793531171326164
1671,12.472593138522383
1672,12.956550119934217
1673,12.569876327384625
1674,12.398536245071057
1675,12.175734168441526
1676,12.187030295939143
1677,12.30081129045678
1678,13.125009379493948
1679,12.88577196665775
1680,12.718583617050829
1681,12.47358252938449
1682,12.678696311982199
1683,12.118526657270946
1684,12.045677063218932
1685,12.02705628746153
1686,12.028767139653452
1687,12.01225930109184
1688,12.166016893662329
1689,12.177094356916394
1690,12.16997568259138
1691,12.133873564054172
1692,12.47952637787916
1693,12.06455132138023
1694,12.123821570232963
1695,12.016096168348929
1696,12.536665673497348
1697,12.061162212996052
1698,12.765065601490948
1699,12.695040975745846
1700,12.434218406866949
1701,12.478692763093616
1702,12.45553533280415
1703,12.448195628892286
1704,12.541074118350068
1705,12.339903502980677
1706,12.919012111332263
1707,12.284384712861408
1708,12.299999337365916
1709,12.531133603443324
1710,12.301834196608896
1711,12.48337728578774
1712,12.443952651936936
1713,12.587689227741032
1714,12.329672325005596
1715,12.254132939072719
1716,12.103483818817635
1717,12.052267724513449
1718,11.785383879178331
1719,12.20423680651946
1720,12.37233073608008
1721,11.957141479016572
1722,11.735982355931153
1723,11.972247852952743
1724,12.277499240846463
1725,12.38520510634739
1726,12.14210515200363
1727,12.03085814030586
1728,11.991478327590935
1729,12.085911075485447
1730,11.982136431207897
1731,11.72704439882176
1732,11.804492229846293
1733,11.70607101228967
1734,11.739299906845496
1735,11.70124987978099
1736,11.683169571210563
1737,12.610644954045455
1738,12.322496811683719
1739,12.484339889924332
1740,12.312661768573843
1741,12.198026958050034
1742,12.064736368296648
1743,12.065568266225116
1744,12.662400183281234
1745,12.261875690315854
1746,12.021988985281244
1747,12.315265750962
1748,12.276318337001586
1749,11.922969914515924
1750,11.758093027506494
1751,12.33912197347246
1752,11.704237582998644
1753,11.898180892129846
1754,12.154878685929193
1755,12.017143288780716
1756,11.775392743407709
1757,11.743786588879653
1758,11.904896203705977
1759,11.989754604242497
1760,12.045373619471109
1761,11.86985174717446
1762,12.10892473839997
1763,12.045212560268098
1764,11.707923498217944
1765,11.773738332518374
1766,12.102519170423676
1767,12.275959228726098
1768,11.894849678939275
1769,12.009906982891803
1770,11.893707828898721
1771,11.774637463912509
1772,11.776499016434494
1773,11.841753913149805
1774,11.798688504484952
1775,11.84342984377579
1776,11.736886182031697
1777,11.675784897421666
1778,11.860515686772368
1779,11.699089364643298
1780,12.050171686918754
1781,11.784884914766868
1782,11.436246122418487
1783,11.878072022758234
1784,11.595022518789134
1785,11.736334812143577
1786,11.868765546149735
1787,11.964583042506973
1788,10.945859768549408
1789,11.522732824792001
1790,11.347605687165375
1791,12.118506747512225
1792,11.954148165595916
1793,11.775007794244267
1794,11.910514702061494
1795,11.796133842319975
1796,11.73626061626368
1797,11.676719016393475
1798,11.753308380416614
1799,11.656659133151425
1800,11.830253321649627
1801,11.770206172443496
1802,11.725322271133338
1803,11.905941590813045
1804,11.88912934208703
1805,11.813230383061963
1806,11.681175166744525
1807,11.697871671358653
1808,11.678127630206646
1809,11.708986362805977
1810,11.903908059813878
1811,11.452161019063567
1812,11.457836234507104
1813,11.779361463697759
1814,11.52434935564619
1815,10.894608420402438
1816,11.502986624333385
1817,11.638331230677418
1818,11.914402761554395
1819,11.757024633708886
1820,10.84081725201579
1821,11.595845042605314
1822,11.91430684111658
1823,10.71602397280104
1824,11.758340511984015
1825,11.867441259471732
1826,11.588577970844861
1827,11.562933224869187
1828,11.813549460763996
1829,11.685841291287359
1830,11.896313747383994
1831,11.88308393615557
1832,11.26013592538162
1833,11.86099342814687
1834,11.738975255623394
1835,11.682203520506533
1836,11.715539541055445
1837,11.370470833275885
1838,11.789738768073438
1839,11.480224254353462
1840,12.059419124549716
1841,11.83825357999959
1842,11.369762038999705
1843,11.835849573016734
1844,11.873587884974677
1845,11.8233352789353
1846,11.919725351771563
1847,11.983269353259955
1848,10.928923400187514
1849,11.56856424581113
1850,11.681652483379038
1851,11.924441340489265
1852,11.748001302836483
1853,11.820803977110307
1854,12.026807554832246
1855,11.910295168741127
1856,12.267337374558746
1857,11.879146146588763
1858,11.850635344148694
1859,11.67159886054218
1860,11.955075973225446
1861,11.658787152643459
1862,12.607131362718734
1863,12.564895595159138
1864,12.564895595159138
1865,12.767872400888121
1866,12.753417222225861
1867,12.380621027415723
1868,12.581827595071003
1869,12.232636011524322
1870,12.328191455000924
1871,12.430847678768993
1872,12.04195111253894
1873,12.339865713674564
1874,11.929789426712203
1875,12.247397146894413
1876,12.175643355517103
1877,12.236691482630905
1878,12.219012880908167
1879,11.792892387196868
1880,11.820003615730906
1881,12.409696549052022
1882,12.424848755524698
1883,12.137133972416715
1884,12.206837977005101
1885,12.39669689176732
1886,12.600849241442678
1887,12.219259921769678
1888,12.482660370505025
1889,12.013974980684354
1890,11.774355034070469
1891,11.793135890060931
1892,11.536114640981594
1893,11.819026454344387
1894,11.677312645760564
1895,11.845908388568422
1896,11.756724555697977
1897,11.708206937417554
1898,11.641072013598407
1899,11.95604519595131
1900,11.836511479043198
1901,12.063185669257225
1902,11.852874175904523
1903,12.184955138392581
1904,11.885787263594564
1905,12.182168083673846
1906,11.763729702810243
1907,12.144939466472724
1908,11.607212125395947
1909,11.828376420052354
1910,11.695178069659166
1911,12.280826642255422
1912,12.68850565773018
1913,11.821461431926986
1914,10.82851442583645
1915,12.655321288910182
1916,11.084362654666235
1917,12.389289529628847
1918,11.857872549878202
1919,12.038313432918978
1920,11.88083543141223
1921,12.94341578814913
1922,12.693230837919591
1923,12.256307334969382
1924,12.39900354232514
1925,12.174132887354016
1926,12.919037099561098
1927,11.756155211002813
1928,11.946507555859645
1929,11.740713784335512
1930,11.78519396379327
1931,11.905676020201522
1932,11.85861759330159
1933,12.167344133643759
1934,12.080469592600897
1935,12.084623233719913
1936,12.162302921904804
1937,12.11807819764346
1938,12.09015416267032
1939,12.416882197048665
1940,12.106419128493446
1941,12.059092788921896
1942,12.13834841475711
1943,12.25500953752552
1944,12.878745475501864
1945,12.996920287406514
1946,11.909310192156068
1947,12.762350875311183
1948,12.083905250058606
1949,12.448098685819943
1950,12.094923608964407
1951,12.453773546947751
1952,12.234425736586557
1953,12.031910859018376
1954,12.113372903204155
1955,11.816304068012654
1956,12.612715971698211
1957,11.98517712635461
1958,12.687880015481932
1959,11.873147143909678
1960,11.630969823905442
1961,11.753726863227246
1962,11.460680103684053
1963,11.536943574904251
1964,11.62907646678642
1965,11.90397452213972
1966,11.814105457273394
1967,12.570406137534395
1968,12.962538711052739
1969,12.943196609431542
1970,13.009190408345871
1971,13.03809750694278
1972,12.854790110568988
1973,12.429536847763897
1974,12.709474933975438
1975,12.951723668454866
1976,12.512162043151449
1977,12.824846395212264
1978,12.766550382672103
1979,12.734819688457971
1980,12.177681407256971
1981,12.753076488273448
1982,12.278912589956924
1983,12.247609469078474
1984,12.020199433517718
1985,12.319831207814593
1986,12.283825849535212
1987,12.09516573317403
1988,12.056722074793605
1989,12.162295582499967
1990,12.275598820092128
1991,12.361801301800284
1992,12.247947694809161
1993,12.03855452813546
1994,12.340851932416351
1995,12.114023993631273
1996,12.449863595507555
1997,12.654759514932913
1998,12.715200291381718
1999,12.461819743638333
2000,12.68782350138205
2001,12.486147577971536
2002,12.428754366409052
2003,12.486835489028447
2004,12.507920866562017
2005,12.270251068519526
2006,12.32620208613896
2007,12.430731180091831
2008,12.342322762528259
2009,12.19467899815598
2010,12.172730062547194
2011,11.786297176136479
2012,12.077272183257652
2013,12.110335244450741
2014,12.137841120111595
2015,12.231982263590325
2016,12.196658759450623
2017,12.189866587701255
2018,11.724377161857714
2019,11.82679724901377
2020,11.620893556022017
2021,11.596736494679229
2022,12.077591869381461
2023,11.86298865134208
2024,12.436174081662106
2025,12.707165170959922
2026,12.075363187582484
2027,11.999609244160174
2028,11.911025659108615
2029,12.072719651535987
2030,12.518310380586602
2031,12.357734767502535
2032,12.431053472223551
2033,12.486779054057937
2034,12.047793335696518
2035,12.268786824307165
2036,12.11956939134938
2037,12.128333835039902
2038,12.490489690623233
2039,12.343624127526057
2040,12.534534920010957
2041,12.56263828699611
2042,12.21981758712051
2043,12.043420313087344
2044,12.017542048341385
2045,12.23679960621189
2046,11.838627941438338
2047,11.90981152801473
2048,11.860409059749259
2049,11.822274206717108
2050,12.081669087983183
2051,11.532964310497682
2052,11.790666350040931
2053,11.850013081786916
2054,11.212907231101426
2055,11.935373940252953
2056,11.881103111960654
2057,11.690554237577134
2058,12.257833622850036
2059,11.822191067413847
2060,12.034384484992799
2061,12.02604963845966
2062,11.8059277872838
2063,11.626845096315384
2064,11.87208321926384
2065,11.654538962688964
2066,12.017745809130352
2067,11.56297302371118
2068,11.804790279220917
2069,11.323592559183718
2070,11.62408158251942
2071,11.514092853711729
2072,11.681376464041197
2073,11.888199478695075
2074,12.103654012107723
2075,11.879953156592899
2076,11.718872045974214
2077,11.949025952488263
2078,11.78165243500307
2079,11.80719121609155
2080,11.694063251465256
2081,11.706092765757834
2082,11.723723230926385
2083,11.876330961143575
2084,11.613910945556086
2085,11.761446141221615
2086,11.723860086531003
2087,11.70887339195411
2088,11.450238835243146
2089,11.276123128634316
2090,11.74578230581338
2091,11.653055207477703
2092,11.744256942798433
2093,11.648707527088476
2094,11.599760208969851
2095,11.896389944467181
2096,11.28299912461527
2097,11.503916173331385
2098,11.886037480815846
2099,10.898629531497722
2100,11.232511636828681
2101,11.65781618399817
2102,11.72182434886079
2103,11.56401139891471
2104,11.761118142949853
2105,11.721585411503119
2106,11.10198685504536
2107,12.220160602060922
2108,11.627190813541375
2109,11.595969590899678
2110,11.806954226241535
2111,11.782837354963425
2112,11.87868933380014
2113,11.722585265020651
2114,11.579809875129353
2115,12.004130068307909
2116,11.669442484479715
2117,11.93091420469901
2118,11.748737404735547
2119,11.60410292314047
2120,11.683043625150678
2121,11.28441220914025
2122,11.620252043862697
2123,11.39289034758842
2124,11.96804911510229
2125,11.74140206464756
2126,11.93916973387777
2127,11.89230482058846
2128,11.685790156785695
2129,11.478241874502439
2130,11.835100249213742
2131,11.854625089422022
2132,11.631272961830957
2133,11.755450933791401
2134,11.73148753264774
2135,11.503592941797518
2136,11.22325904804625
2137,11.654446395912041
2138,11.77017080649997
2139,11.902090402661138
2140,11.847518521305163
2141,11.891582778369614
2142,11.77221176223726
2143,11.875185475574016
2144,11.745567335361235
2145,11.831159460883086
2146,12.029795178134592
2147,11.855471150590184
2148,11.77499041640325
2149,11.922557997097362
2150,12.333521163471671
2151,11.56424431415976
2152,11.977172784434144
2153,11.993838442261865
2154,11.579181223877503
2155,11.843101347588993
2156,12.439216004919885
2157,12.366711038062212
2158,12.379566610585744
2159,12.20049755238552
2160,12.045914658330595
2161,12.37595730809872
2162,12.782691804214279
2163,12.812337718396442
2164,12.368641851445611
2165,12.184031263395225
2166,11.95945195301312
2167,12.2777068813499
2168,12.220518366769458
2169,12.195340659413105
2170,12.309845945910386
2171,11.893330862087382
2172,11.810047363811675
2173,12.003457854920061
2174,12.327308024389652
2175,12.574176038746621
2176,12.693289818518016
2177,12.385039489788875
2178,12.194411237466118
2179,11.851668210680986
2180,12.218559640117688
2181,12.107020074724332
2182,12.27573917681799
2183,12.153291656123317
2184,11.712438802417457
2185,11.7036121552206
2186,11.899774698565073
2187,11.931963680201621
2188,11.938253302990447
2189,12.315258663912804
2190,11.300626391378069
2191,11.286431997651983
2192,11.38088078403298
2193,11.542134561976015
2194,11.50719503977293
2195,11.648762485086987
2196,11.606296795789158
2197,11.714212581098122
2198,11.95855906562922
2199,12.07951353550189
2200,11.88598420914994
2201,11.826432567433631
2202,12.236200104919485
2203,11.90127161766113
2204,12.103324405932549
2205,11.713765084512785
2206,11.82328300392744
2207,12.279854128548685
2208,12.429889389985917
2209,12.401833434446171
2210,11.713479520380554
2211,11.652070693136812
2212,11.686056011928226
2213,11.535081522972563
2214,11.763904234275111
2215,11.56684034300408
2216,11.937575981019384
2217,11.126156274128826
2218,11.077057333346374
2219,10.96845374255504
2220,10.94374891144931
2221,12.662817692676795
2222,12.536176121312288
2223,12.54143638375976
2224,12.23870106720224
2225,11.690402418768162
2226,12.145166300299728
2227,12.191985660612259
2228,12.47383004748741
2229,12.318602261936608
2230,11.987868398931207
2231,12.214253785881985
2232,12.110926867250342
2233,12.0783218378788
2234,12.362277689328764
2235,12.300070271325088
2236,12.421303186727933
2237,12.746294982712183
2238,12.199667285466921
2239,11.59947171336445
2240,11.951828648820694
2241,11.93279897901037
2242,11.72458315483704
2243,11.735804142784566
2244,11.534789342410324
2245,11.514362080416712
2246,11.816397644123047
2247,11.540591482552827
2248,11.71761033784704
2249,11.705721966871867
2250,11.788816901076093
2251,11.631355394879048
2252,12.055365656431285
2253,11.975148116159822
2254,12.12034396436025
2255,12.151108790286353
2256,12.082755693208776
2257,12.254266497866979
2258,12.013466652739522
2259,12.103883230575075
2260,11.915401350065293
2261,12.145783957214393
2262,12.264818867296645
2263,12.868817056013688
2264,13.000906451638995
2265,12.02440152893729
2266,12.711176967343995
2267,12.826242083276828
2268,12.920410824265803
2269,11.918040620523014
2270,12.156472542448938
2271,12.30980930351237
2272,12.199980973950948
2273,12.023423486064495
2274,12.100556757915673
2275,12.012898184668716
2276,12.218952609383999
2277,12.15124838887016
2278,11.896211311056126
2279,11.762375676582623
2280,11.627570920345944
2281,12.071524639710828
2282,12.15023005473051
2283,11.524796525467115
2284,11.627097961709971
2285,11.824653706821913
2286,11.732723365679346
2287,12.787352249957634
2288,12.462223011071051
2289,12.835749483693581
2290,13.006362379967273
2291,12.691049097087756
2292,13.013178791213722
2293,12.988379018645514
2294,12.899557537078143
2295,13.0282529405838
2296,12.45807037702244
2297,12.69190780778158
2298,12.693150711722598
2299,12.836062033277322
2300,12.760797745829459
2301,12.584351635747213
2302,12.417884792402216
2303,12.346797695225254
2304,12.353448888139154
2305,12.11926507437008
2306,12.121739851775512
2307,12.171471307778301
2308,12.35253470622213
2309,12.52334461918675
2310,12.264781477991825
2311,12.208161617385592
2312,12.081614645918707
2313,12.042174373095339
2314,12.043179547545607
2315,12.070049561021323
2316,12.126726482237974
2317,12.130473650975919
2318,12.049245202371996
2319,12.054696037483252
2320,12.122209616887332
2321,12.36502402874866
2322,12.038963721268592
2323,12.160619889357555
2324,12.068416109453427
2325,12.245696593278183
2326,12.05251595021768
2327,12.235331822230288
2328,12.334570994243526
2329,12.152985843295914
2330,12.09636973927667
2331,12.781837651571498
2332,12.83625842347645
2333,12.657799124448058
2334,12.428165390123366
2335,12.484484963712525
2336,12.729975099424573
2337,12.176912334743276
2338,12.442387068858357
2339,12.275504909159606
2340,12.840809863289369
2341,12.249655461340822
2342,12.301591032559989
2343,12.330011809041011
2344,12.2852948804699
2345,12.343695307451323
2346,12.258691066680457
2347,12.212525675103167
2348,12.33608834321848
2349,12.1062536032785
2350,12.63125089057652
2351,12.463239333503306
2352,12.459950098478766
2353,12.46405367616388
2354,11.789749864607327
2355,11.815225921121021
2356,11.927172292389775
2357,12.180338207998698
2358,12.176797273530353
2359,11.768251907419122
2360,11.674841180414537
2361,11.898576231589615
2362,12.545057963642305
2363,11.844314662593321
2364,11.935513874966087
2365,12.254219993265153
2366,12.115806395378554
2367,12.267150435799019
2368,12.297623727206133
2369,12.26037815919813
2370,12.080800555198666
2371,12.06018715282767
2372,12.148298573593161
2373,12.502210526156675
2374,12.70487306421402
2375,12.459136676826564
2376,12.51633997551167
2377,12.726061624170537
2378,11.945273204518271
2379,12.180247595160592
2380,11.884702621612664
2381,11.992848579231088
2382,12.160007929147087
2383,12.242006121057063
2384,12.409501036455172
2385,11.982313195104341
2386,11.822335478628506
2387,11.78632810285971
2388,11.526839339946571
2389,11.73361216019529
2390,11.978240875926991
2391,11.899462707199286
2392,11.666687571053048
2393,12.031889281288999
2394,11.927071734653499
2395,12.209019564096995
2396,11.879767787569982
2397,12.21896084926708
2398,11.794274063322256
2399,10.902408015661267
2400,10.834367920547074
2401,11.605533054669964
2402,11.81619907650936
2403,11.836381287100707
2404,11.945766962127866
2405,11.97350112112206
2406,11.828175402764831
2407,11.747384779418748
2408,11.865772898599483
2409,11.745451992697147
2410,11.991754694908947
2411,11.72121869194767
2412,11.979865996467035
2413,11.795396437315096
2414,11.919447951171918
2415,11.798134705892084
2416,11.741345185131914
2417,11.808263739604028
2418,11.77382623403578
2419,11.711330716723985
2420,11.775672090875055
2421,11.893727653463092
2422,11.647808398245385
2423,11.661263523822443
2424,11.881936065560467
2425,12.238250308792226
2426,11.79328029872875
2427,11.796073068656945
2428,12.01608566732584
2429,11.644167841125363
2430,11.814271659833636
2431,11.635693736810618
2432,11.885107979499528
2433,11.897118989053606
2434,11.877448612604363
2435,11.937194544903733
2436,11.610789789947653
2437,11.672460271610799
2438,11.785033221925358
2439,11.62039960532444
2440,11.71348094290675
2441,11.397104144632383
2442,11.502594506968103
2443,11.732848539958075
2444,11.732229440718399
2445,11.320515387115465
2446,11.83789580427828
2447,12.06949881731488
2448,11.81484519447512
2449,11.55429322585057
2450,11.91085697040603
2451,11.710556653129423
2452,12.205237458697827
2453,11.37370137274717
2454,11.715960965819669
2455,11.634341124649897
2456,11.808410616248112
2457,11.815750019622035
2458,11.71486874030554
2459,11.634334820039793
2460,11.797448269429275
2461,11.700058388328676
2462,11.84263459410229
2463,11.731437806463173
2464,12.063165985207954
2465,11.923813351407462
2466,11.707332585810986
2467,11.802491942244506
2468,11.322046324947307
2469,11.28635672903342
2470,12.14377470495491
2471,12.200560606452354
2472,11.944819820898724
2473,11.702408919701917
2474,11.2642291245059
2475,12.26248811246389
2476,11.645202771890302
2477,11.796591472138239
2478,11.934351016792988
2479,11.558315756735785
2480,11.976156160744447
2481,11.743175967074441
2482,11.797431311072119
2483,11.64273814267623
2484,11.713084715335567
2485,11.723512312323082
2486,11.977383535135404
2487,12.131205430976202
2488,11.924403451059195
2489,11.905612841546494
2490,11.938480835328862
2491,11.372108694882186
2492,12.124817702057308
2493,11.905206556729986
2494,11.859148459568107
2495,11.39797172902019
2496,12.326894562607533
2497,11.868894934424498
2498,11.642708510710046
2499,11.395270259685843
2500,11.821784225044249
2501,11.831181944480191
2502,11.860497747629966
2503,11.340737188869209
2504,12.048321066988503
2505,12.369422070544681
2506,12.432263759175411
2507,12.472818671349364
2508,12.425501815988362
2509,12.283105478590704
2510,12.283520474432285
2511,12.065876659174748
2512,12.2382011027617
2513,12.308312014435803
2514,12.461375083296238
2515,11.91798775231524
2516,12.076535212530725
2517,11.861839334159978
2518,11.924875380149443
2519,12.35315367448633
2520,12.267611790916284
2521,12.15390715862799
2522,12.28566852466579
2523,11.726597856241957
2524,11.838186264788106
2525,11.913492435751937
2526,11.796448986539211
2527,11.670294080639795
2528,11.787977416067331
2529,11.819663897391402
2530,11.678376067685075
2531,12.44677603089771
2532,12.304424696158293
2533,12.178410986476509
2534,12.330199122304853
2535,12.618131293389794
2536,12.386832437295089
2537,12.375724266013066
2538,12.105243815993305
2539,12.125677965318486
2540,12.0924440995537
2541,12.098485676419596
2542,12.019236066100971
2543,11.760965705768417
2544,11.706531508293656
2545,11.773421360188951
2546,11.765920577154832
2547,11.826313899983173
2548,11.894478567176824
2549,12.02395314778514
2550,12.577443890559628
2551,11.854211554468732
2552,11.755880831549646
2553,11.23081155455239
2554,11.521473438576276
2555,11.695700954821545
2556,11.57213341189982
2557,11.601778001958824
2558,11.845219292808885
2559,11.844900799250876
2560,11.923845172745862
2561,11.86121968418303
2562,11.876720964057279
2563,11.957059729812837
2564,12.20530778838898
2565,11.837460867011348
2566,12.03029023918922
2567,11.811143087084965
2568,12.219865517730137
2569,12.272559016600994
2570,11.673064822795125
2571,12.148609028967455
2572,11.824272576132138
2573,12.313528500855243
2574,12.47801354096143
2575,11.793726517552376
2576,11.65682094803753
2577,11.926739339345017
2578,11.275519710345273
2579,11.04378398105321
2580,11.439870104752822
2581,11.480215506310973
2582,11.454002218056182
2583,12.49810803743369
2584,11.991676721218047
2585,12.201645843384188
2586,12.280904424963403
2587,12.152171976528715
2588,11.837612585731858
2589,11.888590836191199
2590,12.240901007903586
2591,12.221514727716212
2592,12.229796854468882
2593,12.42943289419717
2594,12.059501971158896
2595,12.131785941121995
2596,12.605086947958544
2597,12.162758121372317
2598,12.55882934588807
2599,12.608865533168304
2600,11.956233889872193
2601,11.897130574875895
2602,11.294106930637435
2603,11.461903587652042
2604,11.361596052522406
2605,11.257732964505145
2606,11.932164676438086
2607,12.168149702291945
2608,12.15253332136257
2609,12.048254771758202
2610,11.579420647507865
2611,11.636878469059717
2612,11.918350288906323
2613,11.796014132578273
2614,11.785825736462913
2615,11.93716716838227
2616,11.873930610255384
2617,12.131847036859183
2618,12.287563488747807
2619,12.172855877154323
2620,12.120723171807
2621,12.084140167074038
2622,12.126390918871536
2623,12.366882083447894
2624,12.631748452450546
2625,12.582485559870118
2626,12.074091974076374
2627,11.969911729089917
2628,13.158658560517784
2629,13.205302738317506
2630,12.80433898942071
2631,13.014847529229822
2632,12.98504073398664
2633,12.784824489156922
2634,12.968664081505963
2635,11.98339604762864
2636,12.090590950949036
2637,12.090216301418085
2638,12.427154887227806
2639,12.113223535109164
2640,11.946927081543166
2641,11.592892414572978
2642,12.16850182550274
2643,11.516983698227383
2644,11.738323782349422
2645,11.563566828455956
2646,11.465275698968151
2647,11.534374035385166
2648,11.856847565977622
2649,11.919762756478665
2650,11.781425693892517
2651,11.845475280293249
2652,12.883290519642621
2653,12.42130517755334
2654,12.420682525814662
2655,12.9580322081621
2656,12.615596668243453
2657,12.674275876315686
2658,12.535123519068675
2659,12.57680589289016
2660,12.736881307941646
2661,12.7805450491836
2662,12.849040433886318
2663,12.53575097143242
2664,12.512543783412362
2665,12.674902526221313
2666,12.517677780932313
2667,12.010554424605976
2668,12.096336577412371
2669,12.088532255878327
2670,12.469781469302958
2671,12.091730967821102
2672,12.13017126330466
2673,12.190115057362583
2674,12.195263677543688
2675,12.07670250789615
2676,12.142727719845546
2677,12.144886557636191
2678,12.421700109364995
2679,12.543833550133135
2680,12.509476846673985
2681,12.9198319152764
2682,12.697168800630704
2683,13.170183967251651
2684,12.686299305958162
2685,12.706804658993457
2686,12.4049079561295
2687,12.686143744179832
2688,12.195423963554076
2689,12.19674070008737
2690,12.969754484736857
2691,12.190666820554274
2692,11.757522097796263
2693,12.15004158244825
2694,11.785014910191276
2695,12.164373344562625
2696,12.105215110951548
2697,12.134730963930162
2698,12.1524210774386
2699,12.129720123075824
2700,12.021854639215944
2701,11.869915240501074
2702,11.625068490284301
2703,11.633930475765057
2704,11.862886621885465
2705,11.725582284642993
2706,11.63979819423566
2707,11.729792022418128
2708,11.800191491301197
2709,11.54427880808883
2710,11.783497625642028
2711,12.588295943589872
2712,12.888796414092063
2713,12.073619521055502
2714,11.927955982468294
2715,12.04602673958874
2716,11.856579768217022
2717,12.100703076907225
2718,12.339250488670935
2719,11.953556875407322
2720,12.040881337320346
2721,11.840974042829844
2722,11.959206940909322
2723,11.860834716683717
2724,11.808700997625282
2725,11.820286085955134
2726,11.919134686727233
2727,12.028632100364424
2728,12.084857453442071
2729,11.967684798144738
2730,11.88907695066025
2731,11.765173485759197
2732,11.805575070996536
2733,11.985825166676554
2734,11.871809021565609
2735,11.871769140845704
2736,11.898155193350696
2737,11.72945233257349
2738,11.787994545745926
2739,12.00469757735973
2740,11.812006399183256
2741,11.906063376300004
2742,11.929584382826402
2743,11.912202330124432
2744,11.952099768567173
2745,11.825197422758484
2746,11.841397357366649
2747,11.860325413784127
2748,11.733224853437543
2749,11.769744372334577
2750,11.81861272556863
2751,11.80139799884378
2752,12.09154205048724
2753,11.897711772183367
2754,12.296630544338758
2755,11.780446775484299
2756,11.414921513101117
2757,11.0709183423079
2758,11.239216803491507
2759,12.03586822772863
2760,11.765353390625018
2761,11.892954462686308
2762,11.89009848835835
2763,12.079107924334025
2764,11.807110198201624
2765,12.47757602029871
2766,11.674082899521686
2767,11.370109257644437
2768,11.742109074380439
2769,11.824124359980077
2770,11.789254807020184
2771,11.636637344815037
2772,11.620875745126446
2773,12.000268155335151
2774,11.848436327262077
2775,11.670092019158876
2776,11.811204634782479
2777,11.85772918865705
2778,11.499885259161989
2779,11.75324723948626
2780,11.446493663987242
2781,11.48773958350208
2782,11.498797980958642
2783,11.492101879684112
2784,11.74414252637989
2785,11.870183878406996
2786,11.147814140158589
2787,11.694849460022102
2788,11.24141502469922
2789,12.02619918760921
2790,11.5126301914867
2791,11.707728409755875
2792,10.81871097009314
2793,11.857343826298875
2794,11.487119908891186
2795,11.699845254926801
2796,11.474359211500465
2797,12.197961696403755
2798,11.601984098328424
2799,11.653855572157699
2800,11.084713393248867
2801,11.56585924682024
2802,11.817846960112595
2803,11.889222189593506
2804,11.762290767535989
2805,11.535623450022216
2806,11.38150619401548
2807,11.925539469256144
2808,11.900732413820004
2809,11.818607258709509
2810,11.798813140497177
2811,11.984485424712453
2812,11.967258597280269
2813,11.942837035019116
2814,11.961406481778228
2815,11.401714826389203
2816,12.343066413583147
2817,11.954070403179152
2818,11.807476791148915
2819,12.037574160588862
2820,11.858456553534372
2821,11.613989837377705
2822,12.130552360130682
2823,12.61279713287464
2824,12.145610968420904
2825,11.925935876236114
2826,11.776211838893056
2827,11.77511708560998
2828,12.293651750467344
2829,12.215905081137947
2830,12.285326094654076
2831,12.079260636700742
2832,12.394496391664582
2833,12.579274652774236
2834,12.252583336669678
2835,12.310085772128744
2836,12.149299281390217
2837,11.923072728716654
2838,11.952133123780767
2839,12.082357891215267
2840,12.170176459356762
2841,12.232423431890988
2842,12.331926171109526
2843,11.936765449387426
2844,11.960917622357279
2845,11.715257963234146
2846,12.253044225608113
2847,12.237927250842418
2848,12.19414105832431
2849,12.20265491497701
2850,12.540293283473467
2851,12.255395107930081
2852,12.374378742124716
2853,12.360898413633473
2854,11.850501619092771
2855,12.240904368835176
2856,12.17041223924732
2857,12.116610987816165
2858,12.145356505927431
2859,11.699262065260664
2860,11.742098871105272
2861,11.679568087483043
2862,12.188023897798196
2863,11.69070469757763
2864,12.412222474597629
2865,11.851029037647706
2866,11.795781542145614
2867,11.48274910789932
2868,11.43557746352965
2869,11.575670665107612
2870,11.721295895014887
2871,11.36816557565412
2872,10.84672070558572
2873,11.452721660688848
2874,11.816620069802216
2875,11.673680315732422
2876,11.999985924638484
2877,11.866159194427002
2878,12.009534497205795
2879,11.849440704802678
2880,11.502526017991988
2881,11.90201590495417
2882,12.048249384301872
2883,12.144212260150447
2884,12.156745478474523
2885,12.118993452364917
2886,12.372380636026636
2887,11.412499930596955
2888,11.811686060686666
2889,10.894779605420322
2890,11.320112236130306
2891,11.793541749025731
2892,10.636010482337381
2893,11.189797562798
2894,10.781593675372074
2895,12.691165940743481
2896,12.513647097252477
2897,12.160143522672195
2898,11.821045880453728
2899,12.23686439108127
2900,11.943509605183728
2901,12.177146184316289
2902,12.110058901417625
2903,12.699896231528017
2904,12.740732691568777
2905,11.347914399964791
2906,12.225313406314026
2907,11.632237824345316
2908,11.798298597883377
2909,11.821320292817543
2910,11.290717372424893
2911,11.254909617822047
2912,11.863206432917634
2913,11.345531087661685
2914,11.232153501602573
2915,11.289704209393715
2916,11.309264391194999
2917,11.933896912233937
2918,11.683166917292288
2919,12.267077305168057
