Id,SalePrice
1461,104169.2265625
1462,147863.9765625
1463,175180.34375
1464,187891.52734375
1465,204608.52734375
1466,169331.234375
1467,177346.4453125
1468,157992.3046875
1469,204886.48828125
1470,120411.1875
1471,165845.1171875
1472,100390.9013671875
1473,90638.220703125
1474,144749.7451171875
1475,102737.3759765625
1476,360660.5
1477,253812.26171875
1478,313750.8984375
1479,317101.81640625
1480,451948.140625
1481,312040.7421875
1482,221020.65234375
1483,169997.5390625
1484,168064.375
1485,200217.6015625
1486,193408.4921875
1487,335838.15625
1488,234018.0703125
1489,194440.1875
1490,248290.8203125
1491,200797.3203125
1492,92868.6171875
1493,216310.7109375
1494,303862.47265625
1495,282564.4375
1496,248878.966796875
1497,169826.765625
1498,172943.201171875
1499,164608.19140625
1500,154934.80078125
1501,190094.5078125
1502,139768.056640625
1503,289928.15625
1504,241770.53125
1505,221945.3515625
1506,191275.98046875
1507,244349.46875
1508,192712.6796875
1509,158787.97265625
1510,144173.015625
1511,151172.015625
1512,170494.87109375
1513,160845.18359375
1514,151428.51171875
1515,200611.92578125
1516,155931.5625
1517,168322.87109375
1518,118195.32421875
1519,212790.5390625
1520,120285.05078125
1521,120440.55859375
1522,189785.97265625
1523,103455.06640625
1524,123544.234375
1525,108356.546875
1526,100671.49609375
1527,104240.5546875
1528,130555.15234375
1529,152362.42578125
1530,219576.4765625
1531,137272.05078125
1532,108545.697265625
1533,153722.572265625
1534,124129.072265625
1535,137209.39453125
1536,94022.71875
1537,36464.390625
1538,158157.23046875
1539,215453.66796875
1540,122574.2421875
1541,138310.171875
1542,137210.529296875
1543,184348.51953125
1544,89305.580078125
1545,125852.7265625
1546,147469.12890625
1547,131280.439453125
1548,152500.888671875
1549,131103.470703125
1550,148325.041015625
1551,109775.833984375
1552,161314.0546875
1553,155657.734375
1554,117438.607421875
1555,143497.0625
1556,68504.45703125
1557,107906.5390625
1558,102666.50390625
1559,78741.419921875
1560,126176.505859375
1561,130991.60546875
1562,131335.04296875
1563,127943.4296875
1564,150156.84375
1565,151321.9609375
1566,240657.9375
1567,69681.82421875
1568,230548.0859375
1569,112891.4375
1570,140724.953125
1571,83336.08203125
1572,135488.41015625
1573,245806.5703125
1574,130915.3515625
1575,240667.02734375
1576,239264.91015625
1577,186660.76171875
1578,155560.7421875
1579,136676.171875
1580,194225.9921875
1581,160047.6171875
1582,141307.328125
1583,265451.51171875
1584,221429.91015625
1585,136306.58203125
1586,56501.1015625
1587,115108.21875
1588,161440.984375
1589,96186.37890625
1590,123290.939453125
1591,86573.626953125
1592,123031.541015625
1593,146160.86328125
1594,152408.68359375
1595,113864.5
1596,220496.76953125
1597,203859.453125
1598,216326.8203125
1599,197161.6953125
1600,181709.951171875
1601,50669.76953125
1602,125950.9609375
1603,75848.46484375
1604,276194.697265625
1605,234873.75
1606,152236.8984375
1607,166350.89453125
1608,214415.84375
1609,187722.04296875
1610,149916.4609375
1611,136201.6953125
1612,181706.36328125
1613,160531.671875
1614,146463.8447265625
1615,94960.94921875
1616,67115.859375
1617,81746.8466796875
1618,128350.591796875
1619,151418.21875
1620,169800.3203125
1621,124696.80859375
1622,154549.1875
1623,259773.8984375
1624,198018.9609375
1625,115347.75
1626,170194.33984375
1627,181011.171875
1628,280447.36328125
1629,185033.8828125
1630,334097.83203125
1631,238041.890625
1632,235480.76953125
1633,194510.4296875
1634,187726.7265625
1635,175239.6875
1636,148281.21875
1637,188381.890625
1638,177347.48046875
1639,184168.17578125
1640,239385.203125
1641,180941.296875
1642,264084.72265625
1643,212899.515625
1644,235412.3203125
1645,198136.2265625
1646,163863.75
1647,162992.36328125
1648,129483.171875
1649,131539.96875
1650,116403.40234375
1651,117472.3203125
1652,102353.828125
1653,100382.1220703125
1654,145775.6552734375
1655,129183.171875
1656,141101.4375
1657,155253.4921875
1658,152078.5927734375
1659,123754.193359375
1660,147063.7890625
1661,398927.9453125
1662,376979.2265625
1663,369656.41015625
1664,438964.3515625
1665,326667.9921875
1666,318800.5625
1667,358247.4140625
1668,360238.671875
1669,327838.15625
1670,355308.60546875
1671,257737.15625
1672,388936.328125
1673,290946.15234375
1674,247125.09375
1675,202123.890625
1676,206934.20703125
1677,211621.31640625
1678,444882.484375
1679,376122.1015625
1680,333498.4140625
1681,284677.16015625
1682,317080.078125
1683,195118.23046875
1684,175014.359375
1685,177775.9375
1686,169985.197265625
1687,176166.0
1688,184267.203125
1689,196647.33203125
1690,197642.67578125
1691,190539.45703125
1692,269946.9453125
1693,185211.2265625
1694,186897.12109375
1695,177752.03125
1696,258367.2421875
1697,186041.984375
1698,329022.06640625
1699,324140.1484375
1700,269743.5078125
1701,278756.12109375
1702,222107.609375
1703,223527.0234375
1704,262048.77734375
1705,260121.19921875
1706,349445.59765625
1707,228165.84375
1708,203016.34375
1709,243570.7890625
1710,222683.36328125
1711,277789.05859375
1712,250758.8046875
1713,273570.82421875
1714,217439.74609375
1715,212426.61328125
1716,178739.5
1717,186864.48046875
1718,142572.07421875
1719,223305.12109375
1720,241317.796875
1721,158844.26171875
1722,118535.69921875
1723,153190.046875
1724,213759.2890625
1725,245770.37109375
1726,187846.94140625
1727,153400.22265625
1728,170070.06640625
1729,172308.23046875
1730,162021.66796875
1731,122824.71875
1732,125794.40625
1733,109471.60546875
1734,122581.27734375
1735,115121.765625
1736,93816.4296875
1737,286244.515625
1738,261081.3984375
1739,258203.455078125
1740,200665.521484375
1741,178266.6171875
1742,177594.966796875
1743,176306.0234375
1744,337717.578125
1745,221328.1796875
1746,210714.5390625
1747,209936.1640625
1748,219008.96875
1749,132356.89453125
1750,123777.60546875
1751,235889.828125
1752,112294.9296875
1753,153957.58984375
1754,194876.60546875
1755,161682.7421875
1756,149133.07421875
1757,120376.55859375
1758,153689.17578125
1759,162819.6328125
1760,162996.3203125
1761,138687.05078125
1762,195414.1953125
1763,187301.24609375
1764,116700.8984375
1765,176975.44921875
1766,186650.71875
1767,212568.28125
1768,139829.37890625
1769,168495.14453125
1770,161755.3125
1771,120748.265625
1772,129071.09375
1773,115433.87890625
1774,144213.55078125
1775,149791.97265625
1776,143692.421875
1777,111827.1328125
1778,150002.74609375
1779,132534.09375
1780,169080.40625
1781,129239.8046875
1782,72767.294921875
1783,140767.5859375
1784,95343.765625
1785,139677.72265625
1786,133902.640625
1787,166736.0
1788,37313.525390625
1789,106417.3046875
1790,66919.8828125
1791,202682.71875
1792,159918.79296875
1793,131513.578125
1794,173215.88671875
1795,128395.98046875
1796,148128.22265625
1797,119515.0
1798,124992.08203125
1799,105234.484375
1800,125019.796875
1801,116766.27734375
1802,123932.5546875
1803,158995.16796875
1804,118641.24609375
1805,135775.1875
1806,121123.935546875
1807,159399.8984375
1808,124022.703125
1809,131708.76953125
1810,144979.828125
1811,86977.3828125
1812,108123.68359375
1813,135746.478515625
1814,103231.953125
1815,37310.2265625
1816,95168.25
1817,109617.19140625
1818,164802.37890625
1819,123414.0703125
1820,36378.232421875
1821,110443.8671875
1822,159646.2890625
1823,45198.0546875
1824,143834.7421875
1825,148867.3203125
1826,91504.74609375
1827,103987.16015625
1828,142904.576171875
1829,159421.0546875
1830,148775.29296875
1831,149555.859375
1832,69628.779296875
1833,156554.32421875
1834,106188.57421875
1835,104183.8671875
1836,126581.98828125
1837,75438.009765625
1838,109397.2890625
1839,114281.16796875
1840,156545.34765625
1841,125387.703125
1842,87012.9140625
1843,126346.5
1844,155336.7734375
1845,148503.9609375
1846,153102.8515625
1847,171284.7421875
1848,37529.5546875
1849,122273.9453125
1850,115433.12890625
1851,137191.89453125
1852,123835.76171875
1853,116278.080078125
1854,157670.90625
1855,150969.8203125
1856,226952.83203125
1857,116131.8828125
1858,139640.05078125
1859,110763.06640625
1860,136274.1640625
1861,112398.578125
1862,321652.6796875
1863,307145.98828125
1864,307162.42578125
1865,356649.65625
1866,343751.765625
1867,218107.2421875
1868,279293.71484375
1869,209817.1796875
1870,220465.38671875
1871,272450.53515625
1872,175373.7890625
1873,239095.84375
1874,144972.953125
1875,183216.109375
1876,197528.93359375
1877,200986.2265625
1878,202863.26953125
1879,130546.6328125
1880,129932.70703125
1881,232649.11328125
1882,232980.171875
1883,182723.34765625
1884,199219.62890625
1885,228496.5
1886,282451.796875
1887,218488.0546875
1888,250439.68359375
1889,166681.4453125
1890,98841.24609375
1891,122610.73828125
1892,92271.314453125
1893,123669.4921875
1894,115063.390625
1895,130259.23046875
1896,122722.68359375
1897,101997.203125
1898,93995.80859375
1899,161020.828125
1900,163014.2734375
1901,194695.8203125
1902,166586.01171875
1903,239263.5078125
1904,158350.60546875
1905,196942.6171875
1906,156417.7578125
1907,205657.34375
1908,110449.3056640625
1909,137668.2724609375
1910,124310.87890625
1911,232955.25
1912,302981.2421875
1913,152881.95703125
1914,62410.40234375
1915,334489.96875
1916,51910.6484375
1917,230477.66796875
1918,135923.01171875
1919,152605.4140625
1920,156708.81640625
1921,366210.57421875
1922,335816.859375
1923,228465.62109375
1924,208670.69921875
1925,205781.78515625
1926,363374.30078125
1927,121442.53515625
1928,166970.7578125
1929,112331.0546875
1930,121001.59765625
1931,117280.69921875
1932,123193.88671875
1933,198916.76171875
1934,179630.6875
1935,166252.73828125
1936,202865.3671875
1937,180174.7109375
1938,171884.91796875
1939,264910.654296875
1940,201573.400390625
1941,164532.64453125
1942,170253.78515625
1943,239065.525390625
1944,379340.05078125
1945,400647.515625
1946,125604.3125
1947,286098.171875
1948,168922.171875
1949,253561.328125
1950,191666.09375
1951,241604.1171875
1952,200872.5
1953,178175.80078125
1954,184844.10546875
1955,132562.56640625
1956,284338.28125
1957,154639.86328125
1958,262740.66796875
1959,141104.6171875
1960,94177.0703125
1961,129595.8203125
1962,90969.2509765625
1963,102090.587890625
1964,103351.818359375
1965,131873.8642578125
1966,143542.224609375
1967,305438.95703125
1968,401903.9921875
1969,382700.0
1970,384561.21484375
1971,434286.0859375
1972,359227.1015625
1973,300945.515625
1974,342941.4921875
1975,472532.0625
1976,281295.34765625
1977,353837.21875
1978,336051.15625
1979,320642.4140625
1980,182137.9296875
1981,341223.15625
1982,219830.92578125
1983,210731.162109375
1984,177310.0361328125
1985,230385.68359375
1986,201914.35546875
1987,203089.546875
1988,169576.9765625
1989,190984.68359375
1990,208381.9375
1991,229198.87109375
1992,226544.9765625
1993,167741.5859375
1994,231115.29296875
1995,179436.4765625
1996,286462.359375
1997,324918.6484375
1998,297173.74609375
1999,312411.80078125
2000,323002.04296875
2001,296574.734375
2002,250557.7265625
2003,240198.82421875
2004,283492.265625
2005,232769.359375
2006,227111.88671875
2007,245248.79296875
2008,226697.578125
2009,210274.7890625
2010,194373.55078125
2011,139720.4921875
2012,182411.5234375
2013,179536.03125
2014,186351.97265625
2015,218469.203125
2016,196225.5625
2017,200858.43359375
2018,111333.8671875
2019,124510.203125
2020,76809.6640625
2021,95554.37890625
2022,203541.1953125
2023,134310.17578125
2024,291457.58984375
2025,358526.93359375
2026,178597.6484375
2027,158124.482421875
2028,154364.54296875
2029,170632.6298828125
2030,259736.59375
2031,237434.734375
2032,269104.4609375
2033,255146.564453125
2034,186995.603515625
2035,233604.55859375
2036,202733.0517578125
2037,214204.322265625
2038,320486.341796875
2039,238673.40234375
2040,320279.4765625
2041,296390.3671875
2042,211718.7578125
2043,174101.99609375
2044,176837.171875
2045,200606.6015625
2046,145086.45703125
2047,128174.53125
2048,147628.44921875
2049,133918.3046875
2050,165716.92578125
2051,105448.4609375
2052,119362.59765625
2053,146995.6484375
2054,74185.6328125
2055,167982.25390625
2056,142159.90625
2057,98480.203125
2058,207993.578125
2059,122545.796875
2060,172451.7265625
2061,163626.03125
2062,117908.1875
2063,120926.96875
2064,128435.296875
2065,118201.2109375
2066,170213.2265625
2067,121481.24609375
2068,145157.9375
2069,80720.98828125
2070,113166.578125
2071,96003.70703125
2072,143726.03515625
2073,118600.796875
2074,168635.1328125
2075,162464.90625
2076,126956.87890625
2077,149157.26953125
2078,123496.84375
2079,137961.65234375
2080,109505.2578125
2081,122182.9921875
2082,123495.2890625
2083,158622.6953125
2084,106742.98046875
2085,98178.47265625
2086,113393.875
2087,110940.703125
2088,86717.8515625
2089,79902.521484375
2090,118104.546875
2091,94862.86328125
2092,131539.36328125
2093,137913.8828125
2094,112483.060546875
2095,149961.65625
2096,86318.07421875
2097,96112.978515625
2098,152352.671875
2099,31313.171875
2100,55087.95703125
2101,109705.0
2102,126742.771484375
2103,97291.890625
2104,145285.31640625
2105,139676.44140625
2106,30683.453125
2107,193021.1328125
2108,118603.734375
2109,106190.52734375
2110,110718.65234375
2111,131081.44921875
2112,147178.58984375
2113,112767.626953125
2114,104679.068359375
2115,164832.09375
2116,126685.03515625
2117,147979.90625
2118,133168.46484375
2119,108438.349609375
2120,103630.802734375
2121,85430.75
2122,117335.984375
2123,92895.935546875
2124,183822.857421875
2125,125973.22265625
2126,157815.6875
2127,174379.48046875
2128,131586.19921875
2129,73837.513671875
2130,132255.98828125
2131,120167.19921875
2132,113935.5390625
2133,133233.6640625
2134,115590.015625
2135,106527.71484375
2136,64585.73046875
2137,100017.25390625
2138,123506.84765625
2139,140345.19921875
2140,140729.9921875
2141,174938.625
2142,130700.91796875
2143,152741.421875
2144,107236.00390625
2145,134010.265625
2146,191062.9375
2147,135204.625
2148,141812.48828125
2149,142320.23828125
2150,242884.5078125
2151,125884.3125
2152,183293.59375
2153,183200.05078125
2154,99217.375
2155,136634.2421875
2156,246224.8984375
2157,224910.9375
2158,249674.73046875
2159,231640.9921875
2160,187029.53515625
2161,229849.47265625
2162,352196.16015625
2163,337342.96875
2164,253365.41015625
2165,207420.9453125
2166,162368.28515625
2167,219053.22265625
2168,174749.21875
2169,193621.03515625
2170,207005.99609375
2171,158377.30859375
2172,137601.28515625
2173,200233.17578125
2174,214184.15234375
2175,265390.234375
2176,308061.84375
2177,241647.1640625
2178,208803.2734375
2179,129768.421875
2180,210610.62890625
2181,197316.5078125
2182,219611.8671875
2183,195209.23828125
2184,117237.53125
2185,117611.03125
2186,142148.314453125
2187,150582.65234375
2188,162458.3984375
2189,300060.015625
2190,77310.751953125
2191,56346.974609375
2192,81326.12890625
2193,125397.671875
2194,92110.34375
2195,82623.17578125
2196,98767.98828125
2197,108181.603515625
2198,164433.02734375
2199,183365.98046875
2200,148280.84765625
2201,151122.609375
2202,202434.19140625
2203,142992.76171875
2204,181191.6015625
2205,119197.28515625
2206,152655.515625
2207,216646.1640625
2208,255731.890625
2209,250099.4140625
2210,124917.375
2211,128814.84375
2212,121499.93359375
2213,105424.76171875
2214,146611.666015625
2215,99210.98828125
2216,147628.76171875
2217,51403.0625
2218,67911.689453125
2219,68710.921875
2220,27749.58203125
2221,334031.22265625
2222,299409.59765625
2223,288899.71875
2224,210774.89453125
2225,122632.9921875
2226,171607.234375
2227,199463.43359375
2228,287772.73828125
2229,239656.75
2230,156991.796875
2231,214680.55078125
2232,180509.68359375
2233,179400.09375
2234,251569.81640625
2235,228642.19921875
2236,240859.15234375
2237,293313.58984375
2238,201320.6484375
2239,87284.90625
2240,155066.83203125
2241,121898.0390625
2242,121965.53515625
2243,120414.955078125
2244,101656.34765625
2245,120856.640625
2246,131070.9375
2247,133318.529296875
2248,126403.95703125
2249,110055.666015625
2250,123776.34375
2251,108846.84375
2252,184893.43359375
2253,167688.9453125
2254,188043.11328125
2255,184425.9375
2256,172030.1953125
2257,213559.453125
2258,149707.765625
2259,173473.31640625
2260,140072.9296875
2261,225375.671875
2262,232737.2109375
2263,375309.875
2264,424638.734375
2265,143097.046875
2266,315139.99609375
2267,358113.71484375
2268,408126.80859375
2269,158159.22265625
2270,189552.6015625
2271,202075.35546875
2272,200513.52734375
2273,151575.5390625
2274,180254.5859375
2275,138714.1015625
2276,185765.33984375
2277,167258.55859375
2278,157278.32421875
2279,126977.33203125
2280,99645.21875
2281,154322.330078125
2282,167078.66015625
2283,111786.3955078125
2284,120348.228515625
2285,143368.09375
2286,117889.60546875
2287,380520.34375
2288,289114.27734375
2289,336715.6171875
2290,411574.88671875
2291,353602.88671875
2292,409828.4375
2293,436312.58984375
2294,390184.5703125
2295,445146.265625
2296,252007.9296875
2297,381122.98828125
2298,371500.4140625
2299,348989.140625
2300,323209.52734375
2301,340857.625
2302,257014.5625
2303,253904.91796875
2304,248541.50390625
2305,208670.205078125
2306,198063.8984375
2307,209400.869140625
2308,233075.376953125
2309,304998.578125
2310,221941.876953125
2311,208049.958984375
2312,181029.21875
2313,165878.35546875
2314,175722.4765625
2315,181780.90625
2316,210565.3671875
2317,187818.65625
2318,180828.375
2319,186299.33984375
2320,182369.78515625
2321,241837.6796875
2322,198642.693359375
2323,204901.6484375
2324,195434.12109375
2325,211644.5234375
2326,185893.8359375
2327,197105.140625
2328,220694.58984375
2329,190637.8515625
2330,179416.8671875
2331,323754.828125
2332,395869.69921875
2333,322701.6484375
2334,278167.390625
2335,307068.203125
2336,307544.06640625
2337,191459.6171875
2338,241813.30859375
2339,226261.1640625
2340,376445.8125
2341,204779.55859375
2342,233526.47265625
2343,225920.078125
2344,224739.359375
2345,221011.55859375
2346,220381.56640625
2347,201276.16015625
2348,252054.91796875
2349,201026.53125
2350,314020.890625
2351,272763.3984375
2352,243487.76171875
2353,248337.359375
2354,155448.13671875
2355,152120.125
2356,147318.58984375
2357,189245.72265625
2358,200682.484375
2359,122005.14453125
2360,114112.001953125
2361,149190.3984375
2362,245635.3203125
2363,154462.1015625
2364,168153.6953125
2365,209614.595703125
2366,194312.314453125
2367,220563.09765625
2368,221750.55859375
2369,212441.041015625
2370,170061.1826171875
2371,163674.3291015625
2372,187290.40234375
2373,286698.77734375
2374,308552.2578125
2375,244797.89453125
2376,285639.94140625
2377,312831.4921875
2378,152713.52734375
2379,212668.08984375
2380,132003.14453125
2381,159046.3984375
2382,212920.9140625
2383,190614.81640625
2384,231628.26953125
2385,162648.4296875
2386,127191.25390625
2387,124043.4609375
2388,112852.52734375
2389,115112.75
2390,164286.23046875
2391,140468.53125
2392,113105.65234375
2393,178409.73046875
2394,147714.015625
2395,212893.8515625
2396,141467.5859375
2397,203963.984375
2398,123423.72265625
2399,74335.314453125
2400,62730.384765625
2401,132337.7109375
2402,140471.96875
2403,146944.1953125
2404,152047.296875
2405,147758.12890625
2406,142747.65625
2407,124419.2421875
2408,145135.37109375
2409,105030.50390625
2410,171976.140625
2411,113867.375
2412,156545.49609375
2413,123580.4296875
2414,175061.3046875
2415,131351.92578125
2416,138414.9140625
2417,144949.53515625
2418,137114.734375
2419,122443.1953125
2420,123506.48828125
2421,150286.49609375
2422,101454.171875
2423,124975.16796875
2424,133927.453125
2425,210245.6015625
2426,135368.92578125
2427,133278.4609375
2428,192381.3515625
2429,100017.265625
2430,128638.3515625
2431,97559.48828125
2432,150230.09375
2433,153415.7578125
2434,141278.1328125
2435,159536.82421875
2436,105714.099609375
2437,88269.044921875
2438,111282.86328125
2439,87824.9375
2440,129617.181640625
2441,95764.064453125
2442,90922.962890625
2443,142196.98828125
2444,109743.03515625
2445,80555.220703125
2446,135873.1953125
2447,193453.64453125
2448,126780.59375
2449,117392.93359375
2450,161526.8515625
2451,111123.599609375
2452,212685.17578125
2453,91135.5546875
2454,102671.58203125
2455,124950.064453125
2456,131480.58984375
2457,148300.859375
2458,144082.87109375
2459,109613.771484375
2460,154056.6484375
2461,135741.814453125
2462,126901.3125
2463,135278.173828125
2464,184742.0859375
2465,132431.18359375
2466,122228.74609375
2467,121684.169921875
2468,88750.111328125
2469,82378.716796875
2470,206894.09765625
2471,218046.74609375
2472,175959.9765625
2473,112267.833984375
2474,57955.8828125
2475,201073.21875
2476,109967.185546875
2477,104999.31640625
2478,141763.57421875
2479,97774.16796875
2480,160339.109375
2481,128147.8359375
2482,110367.45703125
2483,100778.53125
2484,127679.484375
2485,124583.20703125
2486,145615.3203125
2487,186941.78125
2488,170747.3359375
2489,159034.23046875
2490,134047.28125
2491,97298.71875
2492,191528.70703125
2493,161054.09375
2494,150280.1640625
2495,68687.625
2496,222077.0078125
2497,152632.33203125
2498,112874.17578125
2499,72782.3359375
2500,109901.60546875
2501,138559.84375
2502,134534.30859375
2503,101578.48046875
2504,193670.34375
2505,230788.84765625
2506,247888.80078125
2507,266910.94921875
2508,245718.30078125
2509,218368.99609375
2510,209564.015625
2511,176173.3125
2512,214122.0
2513,218570.7421875
2514,262763.859375
2515,151726.25390625
2516,173763.78125
2517,149835.6328125
2518,153347.3046875
2519,252882.53125
2520,227312.234375
2521,185701.0078125
2522,218061.71484375
2523,103454.8671875
2524,137543.23828125
2525,140118.62109375
2526,154866.68359375
2527,128352.5703125
2528,137381.0546875
2529,162867.54296875
2530,127154.99609375
2531,255206.2109375
2532,217519.92578125
2533,196186.50390625
2534,243220.3984375
2535,264061.09375
2536,215348.390625
2537,257759.9921875
2538,185978.77734375
2539,189874.40625
2540,185178.4375
2541,177558.359375
2542,164102.96875
2543,100970.77734375
2544,112698.92578125
2545,132795.3359375
2546,118850.91796875
2547,143442.486328125
2548,163798.13671875
2549,148465.01171875
2550,561653.109375
2551,134957.494140625
2552,132463.8359375
2553,60899.115234375
2554,86202.41796875
2555,93125.35546875
2556,89895.546875
2557,100460.5234375
2558,181289.74609375
2559,150948.4453125
2560,174710.369140625
2561,159379.236328125
2562,161267.74609375
2563,156719.1328125
2564,211312.4765625
2565,162943.88671875
2566,151382.73828125
2567,138213.533203125
2568,217056.6640625
2569,230977.0546875
2570,117565.78125
2571,187838.1875
2572,164470.9921875
2573,215967.4140625
2574,309962.3125
2575,140443.1484375
2576,133554.4609375
2577,131522.9609375
2578,63654.251953125
2579,22522.8203125
2580,99440.078125
2581,117837.431640625
2582,122918.51953125
2583,273209.35546875
2584,157399.5078125
2585,180877.078125
2586,210245.2890625
2587,197900.1640625
2588,129439.765625
2589,143322.546875
2590,200076.87890625
2591,229293.03125
2592,214888.203125
2593,261603.1171875
2594,185246.3984375
2595,223105.7890625
2596,285406.00390625
2597,199079.95703125
2598,279193.8671875
2599,339848.80859375
2600,169355.6875
2601,138696.96484375
2602,69575.6484375
2603,92143.6318359375
2604,82618.580078125
2605,63248.55859375
2606,129954.84375
2607,221785.4375
2608,193520.375
2609,158528.40625
2610,109479.76953125
2611,115189.3125
2612,152466.09375
2613,125513.91796875
2614,112537.1171875
2615,162611.67578125
2616,152617.61328125
2617,195307.6875
2618,224575.84375
2619,203875.73046875
2620,191777.0546875
2621,174650.4453125
2622,178620.8203125
2623,229390.8359375
2624,288708.42578125
2625,263948.453125
2626,172075.51953125
2627,179196.302734375
2628,463040.4140625
2629,493009.078125
2630,388648.8046875
2631,437338.4140625
2632,408442.5390625
2633,305504.25390625
2634,409310.7890625
2635,146201.95703125
2636,171653.01953125
2637,199135.7265625
2638,267827.234375
2639,193158.5703125
2640,150612.6875
2641,101719.90234375
2642,167794.171875
2643,108105.5087890625
2644,103818.2939453125
2645,107908.7138671875
2646,92723.822265625
2647,104016.7626953125
2648,134602.68359375
2649,157454.3515625
2650,134004.685546875
2651,136221.5791015625
2652,376267.40625
2653,252541.03125
2654,270770.875
2655,400198.078125
2656,330214.71484375
2657,350751.8984375
2658,326874.265625
2659,336328.48828125
2660,359900.7421875
2661,352214.27734375
2662,374400.875
2663,269783.96875
2664,300979.01171875
2665,340632.7890625
2666,296366.44921875
2667,178511.76171875
2668,185057.83984375
2669,183551.66015625
2670,268157.0625
2671,189771.46875
2672,197037.39453125
2673,193897.291015625
2674,189323.6875
2675,193148.94921875
2676,192642.984375
2677,199583.6328125
2678,248811.24609375
2679,289595.43359375
2680,296789.37890625
2681,406549.16796875
2682,326264.48828125
2683,480888.359375
2684,330040.6953125
2685,333043.984375
2686,237361.2578125
2687,294906.7109375
2688,209151.44140625
2689,218093.4453125
2690,357051.265625
2691,192978.96484375
2692,158988.88671875
2693,201159.1328125
2694,142068.91015625
2695,196972.51171875
2696,182284.5078125
2697,181311.6640625
2698,201662.6796875
2699,162500.20703125
2700,144815.671875
2701,143355.3828125
2702,104705.5625
2703,124591.67578125
2704,145953.41015625
2705,108733.88671875
2706,91033.37890625
2707,116776.421875
2708,134106.73828125
2709,114743.90234375
2710,132000.23828125
2711,283436.12890625
2712,404385.25
2713,161539.98828125
2714,143992.9638671875
2715,166597.861328125
2716,129395.1484375
2717,179576.6015625
2718,210997.171875
2719,132910.7421875
2720,180472.71875
2721,121248.6953125
2722,150976.73828125
2723,136627.78515625
2724,115667.88671875
2725,123109.66015625
2726,127038.0859375
2727,161605.671875
2728,187940.05859375
2729,142350.046875
2730,143453.43359375
2731,139769.24609375
2732,139697.03125
2733,155496.19140625
2734,129533.15625
2735,130305.67578125
2736,128832.67578125
2737,119808.6328125
2738,126903.80859375
2739,143220.16015625
2740,136651.65234375
2741,141892.84765625
2742,161680.3671875
2743,146655.2109375
2744,164027.8046875
2745,138541.12890625
2746,135557.515625
2747,167694.859375
2748,121209.45703125
2749,132261.0078125
2750,107249.6484375
2751,131176.3984375
2752,203849.3203125
2753,152525.0703125
2754,222820.015625
2755,142474.43359375
2756,82554.41015625
2757,68876.49609375
2758,84005.205078125
2759,178331.87109375
2760,130184.609375
2761,132518.91796875
2762,126878.01171875
2763,184070.65625
2764,153183.55078125
2765,278794.4296875
2766,119007.81640625
2767,81684.62109375
2768,127732.203125
2769,139872.48046875
2770,141994.05859375
2771,97411.7578125
2772,94854.77734375
2773,178563.1796875
2774,144116.1328125
2775,115379.802734375
2776,146093.21484375
2777,152395.15625
2778,113278.888671875
2779,130929.78125
2780,97408.20703125
2781,81505.7421875
2782,88849.48046875
2783,97387.7890625
2784,125587.6328125
2785,141818.013671875
2786,51079.42578125
2787,123274.97265625
2788,61481.140625
2789,172590.712890625
2790,100144.658203125
2791,106054.734375
2792,66326.66015625
2793,144656.96875
2794,90824.791015625
2795,119622.9453125
2796,99735.6328125
2797,193672.84375
2798,117919.1640625
2799,108517.234375
2800,68645.4453125
2801,117970.015625
2802,121541.40234375
2803,149418.94921875
2804,126271.421875
2805,106357.52734375
2806,71754.98828125
2807,173107.86328125
2808,157714.99609375
2809,118959.26171875
2810,122280.98046875
2811,176754.015625
2812,180894.1015625
2813,148047.23828125
2814,147078.46875
2815,102775.6796875
2816,217269.9296875
2817,160780.2890625
2818,119944.66015625
2819,188547.1552734375
2820,132617.3515625
2821,103773.091796875
2822,178101.3359375
2823,308353.984375
2824,168474.25
2825,154382.26953125
2826,127105.87109375
2827,123122.2734375
2828,232650.125
2829,216259.62890625
2830,210638.36328125
2831,187587.640625
2832,227877.20703125
2833,321927.9296875
2834,230176.8671875
2835,229774.37890625
2836,191808.8359375
2837,155162.46875
2838,137740.453125
2839,155162.01171875
2840,203267.85546875
2841,201466.8046875
2842,224211.41015625
2843,148213.5546875
2844,180680.609375
2845,128049.81640625
2846,204478.58984375
2847,219969.70703125
2848,200346.359375
2849,194885.859375
2850,273131.63671875
2851,204327.9140625
2852,226084.4765625
2853,228136.57421875
2854,140992.162109375
2855,200666.0625
2856,200213.8671875
2857,189278.87109375
2858,209620.7265625
2859,67251.09375
2860,134435.04296875
2861,114907.375
2862,176731.53125
2863,139718.21875
2864,257090.45703125
2865,138758.197265625
2866,130816.7998046875
2867,85239.3984375
2868,86963.38671875
2869,78094.796875
2870,109983.9921875
2871,66806.05859375
2872,15899.87109375
2873,74597.5390625
2874,143893.3515625
2875,98603.72265625
2876,158580.91796875
2877,152514.265625
2878,150992.58203125
2879,124210.046875
2880,103787.1171875
2881,141649.5546875
2882,190978.11328125
2883,197479.9140625
2884,201918.53125
2885,187972.80859375
2886,235823.2421875
2887,111889.00390625
2888,154078.09765625
2889,43611.203125
2890,79989.576171875
2891,138209.625
2892,21030.88671875
2893,79697.87109375
2894,31499.6796875
2895,340767.66796875
2896,283318.015625
2897,222691.59375
2898,141338.578125
2899,216715.94921875
2900,149087.27734375
2901,219964.359375
2902,180893.44921875
2903,304402.5546875
2904,339306.859375
2905,62086.875
2906,201221.39453125
2907,101960.201171875
2908,117094.12109375
2909,141747.7109375
2910,73701.1181640625
2911,66179.892578125
2912,152746.8984375
2913,62627.70703125
2914,63499.759765625
2915,75690.1376953125
2916,70331.6025390625
2917,152576.6953125
2918,104005.140625
2919,225327.38671875
