Id,SalePrice
1461,100492.82421875
1462,154233.8671875
1463,165395.5546875
1464,175257.7734375
1465,217564.54296875
1466,165689.40625
1467,180971.83203125
1468,157083.51171875
1469,192868.328125
1470,119700.91796875
1471,184389.423828125
1472,95871.4140625
1473,87065.3681640625
1474,142014.015625
1475,101917.6708984375
1476,354299.08984375
1477,265773.421875
1478,300227.93359375
1479,305315.40234375
1480,439687.609375
1481,299128.08984375
1482,222684.19921875
1483,173583.3125
1484,168594.9697265625
1485,204221.8359375
1486,200408.60546875
1487,321909.953125
1488,232672.91796875
1489,200545.890625
1490,239527.453125
1491,206972.6875
1492,81416.93359375
1493,202422.37890625
1494,318264.81640625
1495,286859.1328125
1496,243400.63671875
1497,172100.2265625
1498,177369.65625
1499,162938.2607421875
1500,152379.3349609375
1501,193510.0517578125
1502,137399.509765625
1503,286570.62890625
1504,241639.203125
1505,226644.35546875
1506,185567.15625
1507,243609.55859375
1508,198773.984375
1509,155236.83203125
1510,145341.15234375
1511,165400.40625
1512,179748.87109375
1513,156944.84765625
1514,157110.73828125
1515,206291.3125
1516,155075.17578125
1517,148685.93359375
1518,113154.6953125
1519,221914.90625
1520,131932.189453125
1521,123566.21484375
1522,192144.5859375
1523,98100.7265625
1524,130786.59765625
1525,105347.11328125
1526,100412.4296875
1527,100687.740234375
1528,130530.669921875
1529,152178.380859375
1530,199284.7109375
1531,140480.353515625
1532,107985.63671875
1533,159102.841796875
1534,142851.181640625
1535,135131.984375
1536,86651.044921875
1537,38430.06640625
1538,160237.015625
1539,231739.11328125
1540,122847.33984375
1541,136103.28515625
1542,128408.78125
1543,190976.046875
1544,89485.9375
1545,126321.75390625
1546,154310.984375
1547,140813.720703125
1548,148775.474609375
1549,130067.474609375
1550,148234.908203125
1551,123490.171875
1552,156778.703125
1553,158543.421875
1554,114443.5869140625
1555,155048.69921875
1556,84940.03125
1557,110602.3828125
1558,104564.33984375
1559,70853.681640625
1560,136434.396484375
1561,135335.19921875
1562,131459.728515625
1563,123917.65625
1564,160139.8671875
1565,135856.47265625
1566,241682.0859375
1567,72450.63671875
1568,245017.515625
1569,117039.140625
1570,135503.30859375
1571,84306.2734375
1572,137020.359375
1573,236765.796875
1574,119478.125
1575,228245.671875
1576,246472.42578125
1577,184430.2734375
1578,154687.375
1579,125407.83984375
1580,188465.4609375
1581,156902.046875
1582,134032.712890625
1583,283366.4609375
1584,223995.9453125
1585,140503.759765625
1586,39793.642578125
1587,121896.68359375
1588,159946.08984375
1589,97899.71875
1590,126709.115234375
1591,87876.109375
1592,116283.984375
1593,142477.9296875
1594,148898.21484375
1595,112361.375
1596,225468.67578125
1597,196185.390625
1598,212432.453125
1599,193606.365234375
1600,188643.58203125
1601,49491.0625
1602,124298.11328125
1603,87626.39453125
1604,259948.439453125
1605,240463.4296875
1606,162967.14453125
1607,164529.359375
1608,210299.2421875
1609,195328.484375
1610,145487.1328125
1611,127969.0078125
1612,177017.98828125
1613,158388.8984375
1614,128353.2412109375
1615,81469.3857421875
1616,60558.462890625
1617,69735.8203125
1618,123561.2734375
1619,155934.828125
1620,163054.857421875
1621,127544.01171875
1622,149784.5078125
1623,260214.7265625
1624,215542.71875
1625,122044.73046875
1626,176858.52734375
1627,176638.8984375
1628,270685.9453125
1629,177136.380859375
1630,337947.27734375
1631,234225.61328125
1632,240643.82421875
1633,191491.20703125
1634,181668.759765625
1635,176264.26171875
1636,145382.48828125
1637,184160.47265625
1638,186437.47265625
1639,173375.88671875
1640,247826.84765625
1641,174362.68359375
1642,250408.83203125
1643,215187.40625
1644,228747.62109375
1645,216404.10546875
1646,160987.9609375
1647,151794.7734375
1648,125293.29296875
1649,134396.35546875
1650,114584.279296875
1651,110254.9375
1652,99926.0517578125
1653,98895.5908203125
1654,148536.5341796875
1655,140887.708984375
1656,140358.8857421875
1657,155202.447265625
1658,156401.15234375
1659,115177.3662109375
1660,141858.1875
1661,394510.4921875
1662,366484.9375
1663,370813.10546875
1664,429586.5703125
1665,319229.89453125
1666,307196.89453125
1667,361272.2734375
1668,355434.51171875
1669,321897.65625
1670,350781.92578125
1671,281430.60546875
1672,389779.51953125
1673,302236.671875
1674,264390.53515625
1675,217267.546875
1676,217547.330078125
1677,218785.34765625
1678,436876.21875
1679,355546.83984375
1680,325744.603515625
1681,276181.484375
1682,304474.5234375
1683,199128.37890625
1684,181061.90625
1685,185203.859375
1686,168969.8671875
1687,184141.515625
1688,189993.828125
1689,199292.16015625
1690,202557.375
1691,190586.27734375
1692,259813.50390625
1693,190100.1953125
1694,176867.13671875
1695,174211.900390625
1696,261418.90234375
1697,170870.40625
1698,329848.09375
1699,340689.38671875
1700,268959.8203125
1701,282492.50390625
1702,224554.21484375
1703,226978.375
1704,275626.6796875
1705,253029.12109375
1706,332029.97265625
1707,216457.2578125
1708,208056.87109375
1709,254414.32421875
1710,223231.6796875
1711,266632.53515625
1712,258170.8359375
1713,271910.1015625
1714,213346.30078125
1715,210508.9296875
1716,184344.0625
1717,185152.1640625
1718,141757.353515625
1719,212872.79296875
1720,238165.5859375
1721,163234.7265625
1722,117429.875
1723,149742.20703125
1724,219604.880859375
1725,245649.70703125
1726,188753.08984375
1727,161799.78125
1728,177034.12890625
1729,167099.15625
1730,150185.634765625
1731,128074.50390625
1732,123147.904296875
1733,108058.109375
1734,119161.76953125
1735,125254.73046875
1736,95060.091796875
1737,295858.953125
1738,256733.890625
1739,260976.2119140625
1740,204523.416015625
1741,181182.513671875
1742,176369.3984375
1743,177859.236328125
1744,322980.66796875
1745,233813.52734375
1746,208385.01953125
1747,205805.4765625
1748,216826.7578125
1749,139801.7109375
1750,118140.76953125
1751,238175.51171875
1752,112390.76171875
1753,148601.10546875
1754,189603.73046875
1755,169244.2421875
1756,146619.515625
1757,116962.41015625
1758,152653.24609375
1759,163194.984375
1760,166684.73046875
1761,142719.46875
1762,186221.62109375
1763,178719.37890625
1764,111328.390625
1765,168920.19140625
1766,192358.9296875
1767,224759.5625
1768,144865.09765625
1769,164839.86328125
1770,170429.0859375
1771,117849.12890625
1772,134543.99609375
1773,109426.23046875
1774,143839.10546875
1775,154873.611328125
1776,140857.32421875
1777,122500.501953125
1778,153768.984375
1779,135693.21484375
1780,162278.03125
1781,128157.13671875
1782,68779.55078125
1783,131532.09375
1784,98527.59765625
1785,129751.703125
1786,134769.73828125
1787,164240.755859375
1788,50422.330078125
1789,107622.140625
1790,55744.35546875
1791,202993.6796875
1792,153917.9609375
1793,138440.9453125
1794,174455.681640625
1795,126656.1484375
1796,151196.05859375
1797,119531.728515625
1798,126135.2109375
1799,110260.701171875
1800,138386.509765625
1801,105692.05078125
1802,121440.0078125
1803,155004.3046875
1804,132288.67578125
1805,143108.28515625
1806,127804.173828125
1807,169844.88671875
1808,127483.37890625
1809,124945.9375
1810,138817.09765625
1811,105557.703125
1812,115275.17578125
1813,119136.689453125
1814,106284.978515625
1815,27701.85546875
1816,104826.16796875
1817,122509.15625
1818,167027.859375
1819,112864.1015625
1820,34276.8466796875
1821,121422.361328125
1822,158088.7421875
1823,46597.19921875
1824,154983.623046875
1825,145802.37890625
1826,93005.837890625
1827,100431.431640625
1828,146606.15234375
1829,162651.94921875
1830,153533.15625
1831,138943.84765625
1832,86342.455078125
1833,153087.91796875
1834,94729.400390625
1835,101085.68359375
1836,122660.73828125
1837,97481.357421875
1838,102880.1640625
1839,123589.345703125
1840,146348.4453125
1841,112235.14453125
1842,85654.23828125
1843,126003.703125
1844,144041.14453125
1845,145921.375
1846,154450.65625
1847,171606.65625
1848,43193.2109375
1849,124737.66796875
1850,116113.7578125
1851,145247.69921875
1852,127763.3515625
1853,119018.544921875
1854,158228.59765625
1855,155025.0390625
1856,223746.9453125
1857,110766.8828125
1858,132680.03125
1859,109309.470703125
1860,146542.3046875
1861,107208.591796875
1862,295364.8671875
1863,280145.84375
1864,280158.6640625
1865,333752.3984375
1866,316969.1953125
1867,228870.93359375
1868,283189.82421875
1869,218517.484375
1870,227966.015625
1871,244027.12109375
1872,181369.34375
1873,250903.92578125
1874,129982.33203125
1875,173503.0625
1876,185655.4921875
1877,207100.36328125
1878,196707.12890625
1879,124655.47265625
1880,122288.91015625
1881,244098.4296875
1882,243002.8125
1883,184779.30078125
1884,201541.58203125
1885,217137.34375
1886,265830.3203125
1887,222891.63671875
1888,264925.30078125
1889,168253.09765625
1890,90393.78125
1891,109613.8017578125
1892,90686.37109375
1893,129066.296875
1894,112522.34375
1895,124478.140625
1896,121877.2109375
1897,106360.28515625
1898,92908.767578125
1899,160498.890625
1900,158793.46484375
1901,189735.3125
1902,161791.9375
1903,241302.421875
1904,134134.9453125
1905,198656.203125
1906,139657.9453125
1907,213292.07421875
1908,104410.1435546875
1909,151315.3544921875
1910,124187.3388671875
1911,223165.7265625
1912,298707.1328125
1913,155640.6875
1914,50762.6875
1915,312170.76953125
1916,52312.0078125
1917,249349.67578125
1918,130154.42578125
1919,165984.88671875
1920,152699.2578125
1921,347045.8125
1922,315979.2734375
1923,233768.23046875
1924,200829.61328125
1925,211823.328125
1926,351052.8203125
1927,127137.80859375
1928,156598.265625
1929,120884.9296875
1930,127809.7890625
1931,127174.171875
1932,122902.05859375
1933,172168.0
1934,163496.7109375
1935,162552.44921875
1936,181119.21484375
1937,165422.58203125
1938,172934.5625
1939,251329.00390625
1940,210905.677734375
1941,157657.32421875
1942,180395.8671875
1943,227309.634765625
1944,341079.84765625
1945,381577.25390625
1946,113290.09375
1947,259866.51953125
1948,160825.6875
1949,247854.8671875
1950,190933.8515625
1951,265292.75
1952,222132.30859375
1953,192585.1171875
1954,178815.38671875
1955,122571.0234375
1956,286571.5625
1957,145740.453125
1958,275227.796875
1959,144148.16796875
1960,89530.58203125
1961,131028.849609375
1962,94664.751953125
1963,107152.61328125
1964,95437.4638671875
1965,141999.84375
1966,141240.640625
1967,308375.328125
1968,381715.0390625
1969,366976.265625
1970,362598.75
1971,412541.79296875
1972,357190.32421875
1973,312551.6640625
1974,330552.62890625
1975,519687.63671875
1976,291548.0390625
1977,353841.1328125
1978,316757.625
1979,324102.54296875
1980,193502.07421875
1981,338756.3828125
1982,230922.06640625
1983,217101.34765625
1984,184141.640625
1985,216981.166015625
1986,208806.640625
1987,198661.361328125
1988,175020.39453125
1989,197558.498046875
1990,214977.015625
1991,235931.017578125
1992,224999.76171875
1993,174999.9765625
1994,227168.76171875
1995,173987.64453125
1996,299309.6875
1997,307656.2109375
1998,310584.19140625
1999,299833.8671875
2000,330752.88671875
2001,301776.171875
2002,241939.203125
2003,248241.39453125
2004,296134.05078125
2005,220541.2421875
2006,224701.57421875
2007,253591.98828125
2008,234770.525390625
2009,201201.26171875
2010,200441.1640625
2011,133487.7890625
2012,183891.80078125
2013,177676.21875
2014,187688.53515625
2015,213759.3125
2016,194768.02734375
2017,205483.25390625
2018,99830.6796875
2019,124907.388671875
2020,78803.775390625
2021,101384.888671875
2022,202200.3828125
2023,140233.140625
2024,307176.86328125
2025,352031.80859375
2026,172525.482421875
2027,158649.3837890625
2028,154205.380859375
2029,161674.2822265625
2030,257240.142578125
2031,227061.205078125
2032,247715.4921875
2033,250272.26953125
2034,185841.8603515625
2035,210365.91015625
2036,203232.9599609375
2037,217064.9296875
2038,317138.34765625
2039,234821.9296875
2040,341355.59375
2041,301466.4296875
2042,204648.09375
2043,173692.6171875
2044,165784.56640625
2045,202724.90234375
2046,139354.6796875
2047,125679.671875
2048,146337.978515625
2049,127914.703125
2050,171083.8828125
2051,111426.251953125
2052,114604.69140625
2053,144524.77734375
2054,63859.7734375
2055,176019.73046875
2056,152340.0
2057,100808.248046875
2058,212861.77734375
2059,130035.8046875
2060,180183.6875
2061,166316.7109375
2062,121637.77734375
2063,119213.98828125
2064,127932.51953125
2065,133394.96875
2066,168544.5390625
2067,116522.98828125
2068,140555.22265625
2069,82310.37890625
2070,107365.37890625
2071,86577.650390625
2072,145750.2421875
2073,117597.125
2074,163660.37109375
2075,137199.5390625
2076,136669.47265625
2077,159025.248046875
2078,120942.19921875
2079,135633.28125
2080,105143.375
2081,122603.27734375
2082,117652.59375
2083,153173.044921875
2084,102242.220703125
2085,89010.97265625
2086,94213.56640625
2087,99286.1484375
2088,83718.92578125
2089,84543.666015625
2090,123763.60546875
2091,91020.16796875
2092,126276.154296875
2093,136690.57421875
2094,119046.4921875
2095,153470.98046875
2096,86021.396484375
2097,108191.61328125
2098,144317.03125
2099,22663.5
2100,50570.328125
2101,116183.1171875
2102,116989.1875
2103,90660.01953125
2104,135047.0390625
2105,152536.302734375
2106,35735.4140625
2107,188017.921875
2108,120927.75390625
2109,96742.26953125
2110,117151.095703125
2111,141320.65625
2112,139580.46484375
2113,116256.291015625
2114,98514.82421875
2115,174315.146484375
2116,123342.080078125
2117,145081.5234375
2118,138741.265625
2119,107338.013671875
2120,104107.826171875
2121,79764.35546875
2122,116734.18359375
2123,88415.51171875
2124,181138.85546875
2125,124614.732421875
2126,162062.0859375
2127,160921.19921875
2128,151174.578125
2129,76627.07421875
2130,126838.2578125
2131,115787.9765625
2132,114339.30859375
2133,132141.765625
2134,109636.4453125
2135,108941.859375
2136,61689.8984375
2137,96434.984375
2138,139341.1015625
2139,142759.609375
2140,137718.90234375
2141,165367.244140625
2142,129336.83203125
2143,152499.119140625
2144,111169.5390625
2145,131349.21875
2146,168550.68359375
2147,142060.7421875
2148,142511.306640625
2149,161564.7109375
2150,232168.421875
2151,127028.19140625
2152,180920.8515625
2153,188042.05859375
2154,104633.09375
2155,130239.78125
2156,268586.7421875
2157,231994.57421875
2158,242423.30078125
2159,240231.33203125
2160,193065.17578125
2161,240629.3671875
2162,338639.90234375
2163,329378.30078125
2164,243438.98046875
2165,204063.4765625
2166,148698.35546875
2167,206934.38671875
2168,169914.6328125
2169,192077.9765625
2170,205980.54296875
2171,156793.51953125
2172,130276.08984375
2173,178269.40625
2174,216160.57421875
2175,271486.5390625
2176,286329.765625
2177,241372.53125
2178,212111.265625
2179,129559.025390625
2180,199854.0703125
2181,189883.90625
2182,216502.20703125
2183,195382.5859375
2184,110033.109375
2185,111870.4453125
2186,141511.576171875
2187,159466.60546875
2188,155695.12109375
2189,299662.96875
2190,68452.017578125
2191,53631.462890625
2192,82425.396484375
2193,112273.9375
2194,93327.171875
2195,87140.40625
2196,91399.91796875
2197,106156.783203125
2198,161025.228515625
2199,183802.986328125
2200,141316.72265625
2201,148074.921875
2202,216362.75390625
2203,144703.0390625
2204,178528.3671875
2205,112235.12890625
2206,138157.59765625
2207,222704.28125
2208,246612.37109375
2209,232439.765625
2210,123507.6875
2211,118738.3828125
2212,124750.869140625
2213,115903.736328125
2214,156580.232421875
2215,95941.13671875
2216,146557.7421875
2217,69892.75390625
2218,70176.353515625
2219,55448.93359375
2220,43471.66015625
2221,311334.984375
2222,273244.68359375
2223,280226.6953125
2224,212256.796875
2225,118119.38671875
2226,178830.97265625
2227,210883.341796875
2228,273599.609375
2229,254981.46875
2230,153255.5546875
2231,224885.94921875
2232,172667.0078125
2233,195060.3671875
2234,248645.65625
2235,221193.2734375
2236,259411.58203125
2237,299853.02734375
2238,195647.25390625
2239,86134.68359375
2240,143101.232421875
2241,142392.0703125
2242,120334.255859375
2243,118867.287109375
2244,107268.5302734375
2245,110691.25
2246,136898.4375
2247,118892.03466796875
2248,116927.4453125
2249,108173.853515625
2250,119365.36328125
2251,101760.265625
2252,184095.00390625
2253,170144.5625
2254,188273.7109375
2255,184214.3828125
2256,179446.01171875
2257,201290.89453125
2258,155560.76953125
2259,170754.79296875
2260,137698.5078125
2261,211836.73046875
2262,231296.2890625
2263,357803.96875
2264,419293.875
2265,129992.625
2266,287454.580078125
2267,354429.19140625
2268,392495.5546875
2269,149765.19921875
2270,199268.171875
2271,209964.85546875
2272,213082.77734375
2273,160515.9140625
2274,179460.11328125
2275,130031.203125
2276,186162.3203125
2277,160335.0390625
2278,152829.92578125
2279,115248.87109375
2280,98597.36328125
2281,158820.7421875
2282,167355.7890625
2283,111819.50390625
2284,112551.3310546875
2285,137372.8828125
2286,113549.689453125
2287,362918.4921875
2288,292252.984375
2289,331155.953125
2290,394907.1328125
2291,344018.2421875
2292,392430.74609375
2293,415576.85546875
2294,360493.671875
2295,451270.65625
2296,264121.5390625
2297,354835.7109375
2298,354223.82421875
2299,349285.07421875
2300,320709.734375
2301,333067.53125
2302,267104.34375
2303,259715.58203125
2304,260044.03515625
2305,225986.091796875
2306,215821.875
2307,224670.78515625
2308,235339.076171875
2309,297302.640625
2310,227679.8671875
2311,216141.5673828125
2312,183593.734375
2313,170407.75
2314,178745.65234375
2315,188340.81640625
2316,213477.046875
2317,188061.42578125
2318,185925.23046875
2319,190339.724609375
2320,185755.595703125
2321,231090.19921875
2322,209878.181640625
2323,189848.91796875
2324,197052.71484375
2325,222909.71875
2326,189118.0859375
2327,201354.03515625
2328,223658.484375
2329,179248.203125
2330,171372.5703125
2331,334341.7421875
2332,371704.01953125
2333,326339.3125
2334,279427.1796875
2335,292047.640625
2336,315304.41015625
2337,191884.875
2338,246290.984375
2339,226476.83984375
2340,379503.53515625
2341,203281.6796875
2342,237932.83984375
2343,232478.26171875
2344,224748.078125
2345,225419.39453125
2346,217432.28125
2347,206056.3203125
2348,252828.00390625
2349,189470.58203125
2350,299189.484375
2351,273588.73046875
2352,250779.74609375
2353,252192.7890625
2354,149726.40625
2355,154436.55078125
2356,146234.1484375
2357,192841.333984375
2358,204310.1484375
2359,105262.71484375
2360,124557.345703125
2361,147130.06640625
2362,254846.828125
2363,148484.84375
2364,187001.9375
2365,216261.736328125
2366,189151.908203125
2367,215638.640625
2368,209201.236328125
2369,206942.560546875
2370,157530.318359375
2371,158008.3388671875
2372,189751.5859375
2373,278450.453125
2374,286731.265625
2375,233878.5546875
2376,300090.7109375
2377,330233.6640625
2378,150470.28125
2379,208689.595703125
2380,134683.8359375
2381,168285.81640625
2382,212287.23046875
2383,191823.69140625
2384,236461.48828125
2385,162459.07421875
2386,127630.0703125
2387,134063.08984375
2388,110489.42578125
2389,128989.8828125
2390,169793.0625
2391,148578.3046875
2392,112786.29296875
2393,176754.1015625
2394,128612.86328125
2395,206897.5234375
2396,137734.5859375
2397,216787.1015625
2398,115254.17578125
2399,91184.6171875
2400,63012.2509765625
2401,109638.177734375
2402,138247.6484375
2403,142393.921875
2404,142380.00390625
2405,159021.08203125
2406,148205.796875
2407,127591.390625
2408,154278.06640625
2409,105972.44140625
2410,171412.78125
2411,109621.765625
2412,154813.78125
2413,123081.9765625
2414,157768.5
2415,129860.2578125
2416,138988.046875
2417,134621.98828125
2418,127903.02734375
2419,126266.298828125
2420,122886.75390625
2421,115370.90234375
2422,91681.828125
2423,130718.62109375
2424,134846.18359375
2425,205074.8125
2426,133285.546875
2427,145872.22265625
2428,179540.71484375
2429,94283.1796875
2430,124529.45703125
2431,95898.86328125
2432,144179.44921875
2433,150073.447265625
2434,139093.337890625
2435,156160.7578125
2436,107019.228515625
2437,88739.900390625
2438,109115.75
2439,88649.15234375
2440,125367.326171875
2441,113104.193359375
2442,92282.908203125
2443,139619.810546875
2444,106831.60546875
2445,101222.509765625
2446,126099.7265625
2447,196491.3203125
2448,132883.3671875
2449,118025.43359375
2450,164286.84765625
2451,110604.7607421875
2452,208546.2109375
2453,94035.59765625
2454,98866.859375
2455,128125.1171875
2456,146856.0390625
2457,146774.931640625
2458,139031.818359375
2459,103840.0546875
2460,157326.580078125
2461,126609.55859375
2462,128180.265625
2463,143413.734375
2464,175420.234375
2465,135974.05078125
2466,127932.3828125
2467,119588.533203125
2468,88355.681640625
2469,78341.767578125
2470,202922.80859375
2471,217304.97265625
2472,185496.93359375
2473,114703.708984375
2474,67375.90234375
2475,202322.9921875
2476,103111.689453125
2477,121633.67578125
2478,143973.8828125
2479,91902.703125
2480,145280.66796875
2481,133706.078125
2482,120407.291015625
2483,98314.4609375
2484,133430.208984375
2485,117213.4609375
2486,132810.703125
2487,196462.3046875
2488,169946.6953125
2489,157961.109375
2490,124940.44921875
2491,105703.9140625
2492,201834.0703125
2493,158898.11328125
2494,147070.96875
2495,62619.7421875
2496,244686.890625
2497,155629.62890625
2498,111736.078125
2499,70050.5
2500,96492.5859375
2501,146381.0
2502,131872.8671875
2503,103499.05078125
2504,119822.9921875
2505,232961.0
2506,259915.9921875
2507,281259.6953125
2508,258226.2265625
2509,214091.78125
2510,208814.15234375
2511,181031.5234375
2512,201450.94140625
2513,229643.20703125
2514,294564.75
2515,144752.82421875
2516,170945.2578125
2517,132067.533203125
2518,142287.3671875
2519,231457.65234375
2520,221819.51953125
2521,190966.7109375
2522,218049.67578125
2523,104806.88671875
2524,138549.57421875
2525,138240.84765625
2526,161176.53515625
2527,132656.87890625
2528,130469.2421875
2529,145946.283203125
2530,119778.919921875
2531,237554.53125
2532,220732.765625
2533,198758.078125
2534,237900.33203125
2535,267294.53125
2536,222871.8671875
2537,239542.484375
2538,190110.8359375
2539,195617.109375
2540,189646.54296875
2541,184652.185546875
2542,162639.1171875
2543,95681.0
2544,105639.93359375
2545,136188.9296875
2546,123529.5546875
2547,140187.181640625
2548,165099.046875
2549,143330.98046875
2550,572916.375
2551,126176.2158203125
2552,129006.396484375
2553,65323.16796875
2554,82922.3828125
2555,87802.375
2556,88247.810546875
2557,100241.517578125
2558,178292.49609375
2559,141795.21484375
2560,167507.443359375
2561,153049.3125
2562,156494.783203125
2563,140801.419921875
2564,208208.62890625
2565,157253.25
2566,144883.900390625
2567,133368.3671875
2568,208059.28125
2569,234649.4140625
2570,113214.740234375
2571,179027.03125
2572,144152.125
2573,217100.1953125
2574,368594.9140625
2575,146689.794921875
2576,125481.072265625
2577,142198.484375
2578,62697.3447265625
2579,15062.90234375
2580,92266.8671875
2581,113961.44921875
2582,131389.12890625
2583,277552.4140625
2584,167645.9609375
2585,185940.6484375
2586,228254.4921875
2587,199648.68359375
2588,128166.96484375
2589,151147.537109375
2590,204281.09765625
2591,248185.1484375
2592,225810.625
2593,266831.76953125
2594,196610.4296875
2595,207282.173828125
2596,300763.97265625
2597,180520.388671875
2598,265967.328125
2599,322058.92578125
2600,108829.328125
2601,125084.966796875
2602,59228.6982421875
2603,102020.6796875
2604,76879.515625
2605,53655.5
2606,143735.3671875
2607,206583.08984375
2608,197599.84375
2609,166424.3046875
2610,113952.443359375
2611,111843.6875
2612,153724.58203125
2613,131964.79296875
2614,107643.36328125
2615,169677.73046875
2616,157938.4375
2617,191737.703125
2618,237636.5625
2619,202505.40625
2620,171457.91015625
2621,166055.8046875
2622,175614.5625
2623,241212.22265625
2624,297492.703125
2625,273808.234375
2626,164738.78125
2627,177967.392578125
2628,437170.2890625
2629,468599.0390625
2630,368535.859375
2631,432924.46484375
2632,404197.234375
2633,290713.3671875
2634,387987.3046875
2635,143555.95703125
2636,163345.23828125
2637,175887.80078125
2638,273119.00390625
2639,190552.5
2640,145322.1640625
2641,95601.66015625
2642,169099.55859375
2643,105381.4052734375
2644,113307.6455078125
2645,104375.7646484375
2646,91897.3681640625
2647,106943.68359375
2648,141576.02734375
2649,156065.4609375
2650,125488.376953125
2651,137904.9912109375
2652,372688.08984375
2653,266237.234375
2654,268284.26953125
2655,384480.98046875
2656,340739.83203125
2657,351346.14453125
2658,320615.015625
2659,321183.26953125
2660,354190.890625
2661,343681.87890625
2662,359885.109375
2663,278855.9453125
2664,290323.806640625
2665,336500.517578125
2666,297630.10546875
2667,185877.4921875
2668,190498.30859375
2669,191183.62890625
2670,278707.77734375
2671,194403.34375
2672,200495.1474609375
2673,198423.951171875
2674,194473.671875
2675,174078.50390625
2676,201401.453125
2677,195236.47265625
2678,253636.4453125
2679,289265.3125
2680,294575.09375
2681,395242.6171875
2682,332412.609375
2683,453483.59375
2684,323741.02734375
2685,345697.31640625
2686,249782.328125
2687,292789.82421875
2688,209917.2890625
2689,214699.7265625
2690,343166.984375
2691,193411.34765625
2692,140849.041015625
2693,207024.73828125
2694,144009.07421875
2695,199955.087890625
2696,185185.880859375
2697,178614.28515625
2698,201192.74609375
2699,164352.84765625
2700,144081.56640625
2701,144998.98828125
2702,105101.046875
2703,130839.87890625
2704,140052.0078125
2705,101751.59765625
2706,83024.6875
2707,115362.93359375
2708,128837.5078125
2709,115987.94921875
2710,123025.29296875
2711,259603.46484375
2712,386391.80078125
2713,166684.169921875
2714,148406.3798828125
2715,164215.5703125
2716,131747.841796875
2717,186527.208984375
2718,217448.431640625
2719,128965.58984375
2720,185555.87890625
2721,123089.9921875
2722,157027.0234375
2723,148435.0703125
2724,101835.9609375
2725,123173.2109375
2726,132062.8828125
2727,161069.9609375
2728,194698.6953125
2729,136314.421875
2730,139086.5390625
2731,141549.228515625
2732,138875.55859375
2733,147919.7734375
2734,122119.2734375
2735,134917.1953125
2736,120439.8359375
2737,112330.93359375
2738,120099.421875
2739,147692.2421875
2740,136438.80859375
2741,152553.171875
2742,155626.0390625
2743,153060.625
2744,164935.6015625
2745,146762.97265625
2746,127169.078125
2747,180304.02734375
2748,124383.44140625
2749,132096.23828125
2750,102498.48828125
2751,130032.65234375
2752,196486.453125
2753,144237.60546875
2754,203846.484375
2755,137593.580078125
2756,78814.82421875
2757,60267.69140625
2758,98457.556640625
2759,167670.15625
2760,131685.73828125
2761,138504.96875
2762,129167.08984375
2763,177018.015625
2764,166512.0625
2765,264405.265625
2766,123641.8203125
2767,78290.43359375
2768,123264.80078125
2769,135103.486328125
2770,147787.576171875
2771,95921.673828125
2772,102860.693359375
2773,184344.2109375
2774,140444.1875
2775,121320.39453125
2776,147678.3828125
2777,152844.220703125
2778,113556.857421875
2779,146761.3828125
2780,93760.98046875
2781,76350.447265625
2782,87486.755859375
2783,89461.28125
2784,119920.380859375
2785,141115.515625
2786,59949.568359375
2787,131064.84765625
2788,68997.3984375
2789,169873.4140625
2790,98781.953125
2791,100386.359375
2792,66229.771484375
2793,144243.671875
2794,98889.033203125
2795,130708.57421875
2796,92757.19921875
2797,193679.796875
2798,129667.12890625
2799,115901.451171875
2800,70885.48828125
2801,112793.515625
2802,114840.28125
2803,141800.41015625
2804,127439.90625
2805,105649.55078125
2806,69811.740234375
2807,165850.775390625
2808,161628.75390625
2809,117329.17578125
2810,126401.01171875
2811,172586.35546875
2812,167132.93359375
2813,153612.828125
2814,141434.71875
2815,112390.16015625
2816,224295.84375
2817,162832.578125
2818,117095.328125
2819,199051.3603515625
2820,134909.9609375
2821,97040.224609375
2822,176890.796875
2823,301954.8125
2824,156513.0625
2825,155197.22265625
2826,131220.0390625
2827,129549.3125
2828,230187.90234375
2829,232316.8828125
2830,209971.70703125
2831,192181.2109375
2832,240654.98828125
2833,291370.65234375
2834,218986.33984375
2835,213219.09375
2836,199968.75390625
2837,164891.9296875
2838,129909.55078125
2839,154014.15625
2840,197305.0546875
2841,202265.9140625
2842,222821.48828125
2843,143266.84375
2844,184217.5234375
2845,114529.513671875
2846,202966.62109375
2847,200764.8828125
2848,204300.1640625
2849,198458.84375
2850,278959.12890625
2851,196876.359375
2852,228585.19140625
2853,232663.6171875
2854,145036.37890625
2855,206432.93359375
2856,202966.546875
2857,195593.6953125
2858,210857.453125
2859,67979.359375
2860,128505.568359375
2861,126252.3671875
2862,190218.86328125
2863,138999.486328125
2864,249457.53125
2865,125005.69140625
2866,131571.4384765625
2867,92684.728515625
2868,88586.68359375
2869,72000.83984375
2870,103584.421875
2871,65251.189453125
2872,13339.830078125
2873,68881.71484375
2874,166489.67578125
2875,95771.412109375
2876,156064.296875
2877,149753.908203125
2878,151876.6328125
2879,125583.28125
2880,108995.0234375
2881,122459.21875
2882,196540.2890625
2883,197221.73828125
2884,205853.96484375
2885,182502.45703125
2886,238489.58984375
2887,105283.11328125
2888,158217.873046875
2889,46482.2421875
2890,86634.630859375
2891,145799.984375
2892,15282.84765625
2893,75673.6796875
2894,41418.669921875
2895,320500.54296875
2896,267692.95703125
2897,214194.765625
2898,136570.18359375
2899,217316.65625
2900,143194.12890625
2901,211277.953125
2902,193242.2109375
2903,303664.3359375
2904,334782.21875
2905,56718.8515625
2906,200468.48828125
2907,102342.10546875
2908,112957.73828125
2909,136891.046875
2910,78407.201171875
2911,56438.748046875
2912,147197.35546875
2913,48781.818359375
2914,60342.82421875
2915,69616.5224609375
2916,58232.185546875
2917,149183.0625
2918,97179.05078125
2919,229191.78125
