Id,SalePrice
1461,117910.09470920586
1462,154538.79171968804
1463,183841.3612815458
1464,199228.93510820903
1465,192616.26741895312
1466,169262.16383552857
1467,175039.56169106232
1468,158460.51178821872
1469,196064.9921225989
1470,117842.62354746721
1471,178844.62089288948
1472,96875.2367172112
1473,94254.28125245903
1474,142407.06205091364
1475,107046.4930747372
1476,361591.69707085815
1477,243930.3466732665
1478,289074.631448675
1479,282668.3224483718
1480,500258.37466017756
1481,325877.2208955244
1482,207115.79272440082
1483,178037.94381681783
1484,161645.24092422388
1485,186720.4807010247
1486,190968.02542718055
1487,327392.46903080435
1488,234682.62853079205
1489,189753.28129251063
1490,240600.33386007283
1491,191026.7180578032
1492,92425.78970367028
1493,176927.6059634123
1494,288606.372924397
1495,282262.0302818888
1496,229076.20900623954
1497,181894.9441596451
1498,172221.82209572342
1499,161954.07654427338
1500,153253.5299312105
1501,179531.6827161201
1502,141261.9369596546
1503,297035.13463704847
1504,240578.414070547
1505,224891.98331527447
1506,187830.06665739245
1507,252427.26185918527
1508,201972.44612998312
1509,155997.99339464091
1510,143499.04978156716
1511,157312.23754113953
1512,171723.79608442963
1513,146060.8621670662
1514,155943.28416770409
1515,191470.85477289546
1516,152392.33422708116
1517,175771.17247434528
1518,130354.61050812431
1519,211073.08064122836
1520,125836.69257268347
1521,130265.56500756498
1522,173756.2088497929
1523,112132.47323600743
1524,126501.04047159963
1525,119022.6015391364
1526,109605.82526545542
1527,105220.18780913728
1528,137168.88374324946
1529,152040.21821416178
1530,192577.0830746122
1531,105487.90034499971
1532,95905.64062028544
1533,150711.84304353409
1534,126521.3916622237
1535,149425.1594862501
1536,105295.20255792623
1537,55693.085169268765
1538,145860.6034877984
1539,183853.44461416968
1540,89873.1735833299
1541,137957.17792480387
1542,147416.01922847726
1543,187883.97251174785
1544,86438.67651495687
1545,113127.92506709113
1546,129699.0763142229
1547,131285.6727770111
1548,138702.13703900645
1549,115892.68469842112
1550,129470.18636281478
1551,108148.44317906706
1552,136284.47679013482
1553,144796.56549589327
1554,115123.56951074753
1555,160401.67200328843
1556,79860.21438364987
1557,106390.61899328523
1558,101981.97867169962
1559,62665.185718164204
1560,126060.1936741827
1561,120290.54660816163
1562,128961.03524506577
1563,120658.72416661237
1564,155904.4953916616
1565,146068.1801276042
1566,242447.55356034456
1567,76581.93461912652
1568,236652.4601919811
1569,132667.44612338304
1570,133003.7386718767
1571,117957.52685084597
1572,145744.2789081785
1573,244163.76638545643
1574,118088.60756566885
1575,238519.7638266414
1576,252535.90201048498
1577,176519.44854883416
1578,141517.40148572324
1579,146334.84272854254
1580,191982.7628535069
1581,155602.55516778622
1582,122173.77591026915
1583,290914.578374863
1584,216215.87013921535
1585,135495.62455956644
1586,71811.81117109499
1587,105006.59496609385
1588,155838.78057490822
1589,96205.12584322467
1590,132875.20695276276
1591,93768.04396735477
1592,118379.43797417567
1593,123983.43757647337
1594,133074.72619668298
1595,102034.45709059342
1596,220847.60891354436
1597,197631.68028936995
1598,225901.1271713209
1599,168179.53445178224
1600,158397.88217389752
1601,66182.35891753517
1602,111955.30097251481
1603,75024.23601941767
1604,260521.00363285345
1605,240025.6048974597
1606,162803.46022795068
1607,176047.82946223157
1608,212441.73454555002
1609,177128.0625439664
1610,145365.29510404644
1611,135145.17541288646
1612,169129.2584582191
1613,164982.06246582966
1614,126247.19349043787
1615,90525.17881246092
1616,77954.1789947071
1617,92884.56231657934
1618,128208.76117974923
1619,138557.01913049025
1620,150296.30284149127
1621,130804.34693428368
1622,141045.8539621801
1623,254866.66248786254
1624,212417.0907984809
1625,117031.39336847416
1626,164741.40462128795
1627,193894.87399749
1628,284824.4665712946
1629,175287.2049439112
1630,341349.05261410575
1631,217709.21344223755
1632,239271.75172640642
1633,170321.9333745554
1634,184924.00667193186
1635,170196.99152342495
1636,148159.42534458067
1637,206356.40553927905
1638,177464.5374126801
1639,183834.12351156023
1640,249673.0346206242
1641,178758.24437117155
1642,237053.55002344277
1643,213987.33107103605
1644,237842.80273879538
1645,197888.8869187992
1646,153366.2957237937
1647,156174.6535246913
1648,128320.26502889804
1649,139491.51847397574
1650,111306.97463735151
1651,118777.43999231987
1652,97853.94464486658
1653,98982.5388128412
1654,142867.17592686185
1655,127258.63682183738
1656,135671.3082897799
1657,145669.1237891772
1658,143275.76409818226
1659,116584.47593852284
1660,151241.7110480839
1661,449533.49846603774
1662,404677.15907120873
1663,372692.989028555
1664,505211.9824133524
1665,304127.9760548401
1666,321203.1069223025
1667,393697.2779944622
1668,338684.4800293318
1669,298463.1417634592
1670,328806.3512140665
1671,260947.3679386107
1672,415727.8512509982
1673,288430.08892728563
1674,236292.50953998664
1675,195921.31085907944
1676,190496.39291866682
1677,217998.17862671916
1678,471643.6403176387
1679,388509.3786766331
1680,320759.000368264
1681,240944.47705701605
1682,316545.67583028105
1683,183145.2349182876
1684,172068.56870468546
1685,167412.98366016845
1686,166817.3781085559
1687,169136.4498785342
1688,184901.51144870333
1689,191195.78265630148
1690,193506.0689010544
1691,180356.5483049235
1692,260478.6691614224
1693,165405.7170485594
1694,179811.72262313077
1695,162489.08985139252
1696,276789.0463271728
1697,168151.68478729954
1698,341008.41302000976
1699,301043.1861955234
1700,251340.1570620239
1701,268273.53452548344
1702,242189.17937416898
1703,238814.85615740105
1704,275807.4118232
1705,233354.39571622162
1706,437683.5255716256
1707,207386.39677885585
1708,197723.90977786868
1709,260684.334470098
1710,217352.15696817264
1711,270723.3802677154
1712,251585.96993239343
1713,279297.1663247805
1714,224931.78773842417
1715,202147.86433531938
1716,185072.3439411344
1717,173934.2742311337
1718,137355.1306853887
1719,210137.1175493012
1720,232786.74476088397
1721,158462.53319650568
1722,123688.89093032599
1723,150814.8858625613
1724,201347.86436603687
1725,234712.7968610784
1726,183418.8579787347
1727,152605.88271020012
1728,166200.18854556413
1729,160227.21178931042
1730,153654.1091713757
1731,114733.80134631306
1732,126865.3846482629
1733,111791.1623429891
1734,120319.15218572078
1735,119576.04908873286
1736,105067.55929407723
1737,300807.81438928173
1738,250152.56600592987
1739,247987.03467114855
1740,221623.49544686853
1741,195159.66138274642
1742,171175.58333624812
1743,174233.12615262344
1744,350865.05337873165
1745,214428.2763706347
1746,177859.75446279428
1747,212769.6412502063
1748,220961.59736064286
1749,136374.67912735947
1750,123463.11789258472
1751,250609.0345968918
1752,114853.63625949512
1753,151400.24585512042
1754,191221.29007293502
1755,165155.47059664872
1756,125677.55193200389
1757,120494.31185493358
1758,144114.36076410484
1759,158836.74153580226
1760,161561.8962754146
1761,145125.1959398911
1762,178087.17340573258
1763,186879.82248205086
1764,113742.727752138
1765,169879.5044783628
1766,193601.66452366687
1767,224814.724129835
1768,141856.00400140774
1769,170541.52409629384
1770,153653.335559859
1771,117048.55501311917
1772,130328.61321624232
1773,121266.83290520354
1774,144086.0388142272
1775,140902.25904462446
1776,122875.33434419447
1777,110698.20391577778
1778,142931.23086899787
1779,123572.94709215946
1780,177242.3864399438
1781,126191.6240548045
1782,86407.01636512471
1783,137469.18428130803
1784,105368.49837507006
1785,125432.38878609985
1786,133919.9770603313
1787,156871.5894745028
1788,62072.10608735487
1789,95838.27310262299
1790,81872.51248081414
1791,190188.5936449315
1792,160394.03228321744
1793,127418.72513680167
1794,154504.26887991806
1795,136217.07091429
1796,119827.71335296649
1797,108210.2962477649
1798,119057.90426488697
1799,108863.26849388974
1800,126250.77923906683
1801,129742.52976403298
1802,127669.64957803846
1803,146790.87623900874
1804,134236.4073517891
1805,134071.45655144384
1806,125454.11282788984
1807,129677.52042308626
1808,118354.50281599452
1809,121325.77918396
1810,133794.93190605883
1811,92702.88518048912
1812,98420.01075121056
1813,125595.62879423184
1814,98453.46720465661
1815,56639.12436783529
1816,102809.067901433
1817,102752.37634939486
1818,147766.321633267
1819,123818.75976339563
1820,57018.58694396869
1821,113449.17937362813
1822,151089.9153705021
1823,46300.07431461794
1824,124956.16679300687
1825,134681.85917730417
1826,103720.07829531952
1827,102734.97738271112
1828,133588.30059693137
1829,129014.9724193632
1830,140353.23045115778
1831,140219.59361296982
1832,65802.12130104573
1833,134775.10478435794
1834,114774.92085049587
1835,117683.35921472409
1836,124787.82910724649
1837,84822.00309776541
1838,126159.16000929201
1839,99345.0199369076
1840,139193.90063611185
1841,136305.65955789553
1842,89229.73365417565
1843,128145.79909367269
1844,134498.87108960096
1845,141194.98492240685
1846,156517.238972478
1847,167394.51705779877
1848,52538.74573794011
1849,111516.35079255054
1850,115791.6996785682
1851,153736.3560539793
1852,125596.11971934383
1853,127005.18255930323
1854,167342.62273993733
1855,149000.60573288845
1856,228094.2201265677
1857,137133.63429503102
1858,134902.63508195782
1859,114647.53620896627
1860,140134.9436720924
1861,114647.61950688304
1862,336495.39348043286
1863,312761.89123815787
1864,312868.8303696568
1865,347968.6835406325
1866,334810.72515631904
1867,220604.55413570465
1868,286264.47720988415
1869,199447.2981493355
1870,220778.12459476714
1871,252320.90659849718
1872,167951.07446254
1873,249803.0502288497
1874,152472.6754086404
1875,199482.71661358306
1876,200131.7174809973
1877,208013.50956924516
1878,198845.78634658296
1879,127745.22159491423
1880,127380.42859755878
1881,247711.45166166712
1882,241565.97937685487
1883,183795.97988350276
1884,203924.86192852503
1885,235593.50699435113
1886,281421.55163905775
1887,212331.49813175056
1888,265032.59654961905
1889,166137.71782649253
1890,116290.68892091134
1891,126292.93841857954
1892,95901.72390495901
1893,132811.01122236945
1894,124355.1984968773
1895,132772.81125585095
1896,125703.93513017762
1897,113577.0876821557
1898,113458.58325775625
1899,161530.45019209787
1900,145509.39736792032
1901,172099.738256651
1902,161245.2308841579
1903,211414.7940173739
1904,137875.56607749875
1905,195564.14479028614
1906,152959.7536880812
1907,208226.75848782872
1908,106451.64253182743
1909,129638.88266218918
1910,117236.72023201015
1911,223174.89582314726
1912,342217.30189797416
1913,135205.62113345202
1914,62944.005353654735
1915,310221.96631603723
1916,67946.96330117785
1917,238745.07475215
1918,140731.32801484235
1919,174405.84722302447
1920,157116.4593305345
1921,378011.83482021524
1922,315430.15071207006
1923,231498.7837466056
1924,231840.65940904838
1925,193260.14252173406
1926,372822.51631563535
1927,131286.1813682157
1928,153817.71127725506
1929,124625.45808203076
1930,126246.9873949816
1931,134280.17178739954
1932,135601.51516161265
1933,187857.12441090707
1934,180282.16031783528
1935,166533.88433840254
1936,196885.65215477665
1937,182874.0768846889
1938,169406.69627900718
1939,236063.68953414145
1940,187769.13861127952
1941,165761.56474665925
1942,179259.33096133007
1943,213760.44191964422
1944,371180.86435785773
1945,392643.79863591347
1946,129702.84265237991
1947,314469.455515172
1948,171916.97854032606
1949,245530.40732344458
1950,186181.1299231747
1951,233422.51885772252
1952,202786.27298413235
1953,165978.06102864523
1954,178763.62001223952
1955,132494.34311642143
1956,326465.1902730257
1957,147760.32393026922
1958,295221.6357043803
1959,143455.44683044255
1960,112071.16941900931
1961,117383.58503827285
1962,96239.51106511873
1963,106291.19031019181
1964,105496.4335454813
1965,139697.1393867819
1966,132989.6539187338
1967,289196.77352588106
1968,417808.5503189552
1969,382595.9504620447
1970,409831.2122368859
1971,494080.94944750686
1972,367439.04279950086
1973,265003.1110705452
1974,336056.4365774554
1975,556895.5488905212
1976,267301.8648993554
1977,360553.27670275647
1978,347240.1619314072
1979,321906.1912617781
1980,206938.47417397308
1981,344680.43823296286
1982,211036.39371016482
1983,196688.05217550907
1984,165673.10871925412
1985,227288.292680058
1986,209255.94500721025
1987,182212.5284913957
1988,170541.10431962073
1989,188713.65389610705
1990,202033.98836181103
1991,230162.7652514262
1992,216842.27031522422
1993,162822.2292189246
1994,231699.00855078752
1995,181076.34389287347
1996,251009.68021417526
1997,304261.5231487946
1998,299905.17566890817
1999,271107.9553818968
2000,314141.31760151434
2001,280224.22141854523
2002,235581.99940118982
2003,254424.73477319808
2004,285344.2181845749
2005,220711.14945420038
2006,217228.31055494893
2007,245831.6885771887
2008,216404.0366867936
2009,198400.4808763134
2010,189629.7385238729
2011,137539.53424941268
2012,168917.7157421892
2013,173733.7438550986
2014,182031.18552295188
2015,202749.1712876314
2016,188376.17242278054
2017,191134.43538841256
2018,113429.10060870896
2019,132659.28559973367
2020,100699.66003875932
2021,96281.41427130565
2022,186102.1706411001
2023,144203.00909604403
2024,272623.02590563527
2025,345080.8821404475
2026,176328.37433627798
2027,160162.20244307845
2028,150336.38317991115
2029,166535.44163930204
2030,261740.7023413057
2031,228828.37513367535
2032,246622.53326213255
2033,248980.571141862
2034,172468.7897068404
2035,224008.37932830036
2036,200918.34170339818
2037,216968.47203334872
2038,346059.369499085
2039,226311.64067612062
2040,286312.57763235207
2041,315769.26552480954
2042,206868.13631310387
2043,180411.92086641453
2044,167649.50699448638
2045,204767.74872891957
2046,153824.35578264124
2047,141541.48826837703
2048,138374.01965695978
2049,145427.48323314497
2050,170713.74123178405
2051,102586.17643648626
2052,118739.50487339399
2053,150918.3025288816
2054,89307.42652683416
2055,153297.8262809976
2056,142676.69110308294
2057,106844.35397821266
2058,218665.76879487725
2059,128603.89732705972
2060,178153.3065378856
2061,171837.47132682253
2062,127215.83130477388
2063,116944.9733644065
2064,135559.20204842126
2065,111901.5205394332
2066,156521.2782647589
2067,111314.47864266594
2068,150499.05643753923
2069,86795.03113820356
2070,113979.04046480182
2071,95458.87617521484
2072,134439.9831025857
2073,123877.18340555918
2074,181295.62871013224
2075,146495.07355154827
2076,112567.96870322018
2077,160268.88320344465
2078,123600.17364096598
2079,128528.42422469294
2080,118487.30266035111
2081,124327.86037418501
2082,117588.4808320727
2083,147100.8134952143
2084,107322.86755303298
2085,116735.78574196006
2086,108129.09876119999
2087,121349.00578493428
2088,93014.03260671014
2089,80419.12166584657
2090,119600.11119775313
2091,108851.57422874884
2092,118248.29030573973
2093,113903.6362975504
2094,108742.8812527686
2095,148831.10506070984
2096,83282.43242509993
2097,96569.5029898384
2098,147004.60832608392
2099,52864.46958659573
2100,64564.48272879054
2101,108412.9383227648
2102,120926.0222206179
2103,102715.49275018778
2104,134876.08661444118
2105,126408.99363765607
2106,58530.34019532158
2107,184494.21454391355
2108,115764.96937155952
2109,111798.00989370789
2110,126246.55691922289
2111,135310.79577796068
2112,133631.76861387573
2113,120185.39184712224
2114,120446.20745010741
2115,164645.59590972782
2116,113345.22652928944
2117,143725.20849391853
2118,123444.70578807572
2119,119078.5749883499
2120,108223.990592974
2121,93142.62136386949
2122,119778.94832310225
2123,83641.72362702872
2124,151162.05256420717
2125,119027.08873985066
2126,146694.79314252827
2127,165777.18813115126
2128,120666.87681473096
2129,84315.95180530986
2130,131802.31765123078
2131,133137.51169845214
2132,107791.86689120458
2133,122983.0891302015
2134,116541.58272590075
2135,92377.66300601655
2136,73998.92783234488
2137,106205.14286664117
2138,133140.00057250677
2139,146937.3128224384
2140,139842.1301826897
2141,152902.86282046567
2142,126946.02943275946
2143,147450.47670958546
2144,121100.68621828432
2145,139177.00480605176
2146,171896.13281652596
2147,130134.57733805274
2148,129724.38640670737
2149,146216.21625359208
2150,232433.01469384826
2151,113763.3549358579
2152,181099.0588015951
2153,162364.380696866
2154,103143.3712079463
2155,138482.86628446984
2156,254655.725911579
2157,227613.33301413187
2158,240448.83534657778
2159,211137.29805680332
2160,176270.94637207693
2161,230476.60141973261
2162,401549.3328936578
2163,348391.31378950574
2164,246390.10981362071
2165,200981.36720738915
2166,157410.69951553355
2167,218163.99403806953
2168,196779.49075690782
2169,191646.09088846133
2170,211329.05638805014
2171,155499.824861425
2172,127187.74336445252
2173,173959.4263711425
2174,222706.74354420768
2175,291194.1372758568
2176,308093.5828425576
2177,236464.0872039642
2178,205560.06508499852
2179,135796.8740263932
2180,212971.13534259662
2181,192859.34501389312
2182,226555.48611088487
2183,185946.22319120323
2184,118329.95637275168
2185,121942.67763328712
2186,146542.71703700977
2187,148339.13551378777
2188,150275.08683587413
2189,286930.3329617475
2190,78647.98498958179
2191,78866.71786200102
2192,85404.79568766257
2193,109923.53642141339
2194,103085.60379797763
2195,105315.0520452467
2196,99208.72266159642
2197,121702.03653936565
2198,160155.70543073653
2199,180757.0451401248
2200,143498.69627323694
2201,140969.51011594644
2202,212244.2517363668
2203,126929.99817319751
2204,182285.62782850637
2205,121812.33706991651
2206,136295.92534507543
2207,206359.94692383424
2208,267249.48011093104
2209,250985.5402703429
2210,116988.75224559782
2211,115306.43350672684
2212,120702.45274522365
2213,103283.9600510296
2214,130454.11817735377
2215,98039.81607406601
2216,148259.88083327582
2217,63032.41039817032
2218,73860.17569545946
2219,70410.79160208786
2220,66533.36809618922
2221,311064.87899154593
2222,280919.0549533279
2223,288376.24887723697
2224,206481.28684342458
2225,120114.6036616737
2226,185176.77173275567
2227,189941.35955969474
2228,262309.1307745887
2229,254193.51896450753
2230,148131.65934547374
2231,210554.39588341364
2232,177060.80650654781
2233,174512.2407226333
2234,232900.83554108764
2235,216326.7190084377
2236,256140.95287817545
2237,310091.2340818147
2238,198529.56403042295
2239,108158.64454911175
2240,151893.257408828
2241,156401.02043728664
2242,122002.58265671995
2243,127681.09224668628
2244,102454.17539530649
2245,99644.17372447181
2246,138323.72631133653
2247,112655.72415775768
2248,118526.28544635468
2249,116337.05543635794
2250,125853.89720446206
2251,93163.60838156128
2252,183000.87741185084
2253,151159.33116009407
2254,174637.90939454903
2255,182995.1458504771
2256,166970.86675267215
2257,209915.9052434154
2258,154091.65345738915
2259,173370.83787688336
2260,143568.08286064173
2261,190400.3455149664
2262,210742.10842150808
2263,381683.24827161373
2264,528347.001349299
2265,171536.94388583617
2266,301592.1019536089
2267,373291.5190385843
2268,420187.5599981788
2269,147283.28742110805
2270,192862.32260459516
2271,212278.33599794822
2272,190293.48632336283
2273,157404.8476256084
2274,181174.00176563638
2275,156102.3512187449
2276,189553.1841489316
2277,185167.92441626842
2278,146969.7675171458
2279,129382.48602185257
2280,113519.00006295924
2281,162476.12975271494
2282,184704.95718916616
2283,109730.89459546258
2284,113220.41690433842
2285,137911.97458004364
2286,123405.73359240967
2287,367966.8015008832
2288,270486.9287176328
2289,368581.5994685648
2290,460454.25015464105
2291,328076.29803590104
2292,443981.771622706
2293,472504.35661332455
2294,394982.3613411745
2295,486534.06735551835
2296,288989.00542090175
2297,352821.33610123734
2298,348465.16256373795
2299,348324.5856955979
2300,336514.83008834877
2301,311757.18602479075
2302,244327.88009538795
2303,234552.6704824672
2304,248022.2951536725
2305,194189.52580106488
2306,187751.84268869695
2307,197829.18573671603
2308,222406.01624740465
2309,277739.24224245304
2310,203959.04600842413
2311,201332.17367683395
2312,173587.46097136772
2313,167441.9562676928
2314,171139.87579675845
2315,175998.3938727972
2316,196203.0725570114
2317,187640.8355739428
2318,177868.99986049125
2319,181740.4184984918
2320,188954.01246906893
2321,236231.1919942313
2322,178026.53862518774
2323,194976.16502069007
2324,175904.55362881257
2325,211060.75866163184
2326,173437.0047759204
2327,198437.0874651355
2328,219446.55259916637
2329,191472.99821490663
2330,180979.31315990462
2331,332698.08466647787
2332,390143.4964013835
2333,317850.94145519007
2334,248897.01604354722
2335,274317.5216319471
2336,303359.13553818944
2337,198410.31220812452
2338,261944.72972241815
2339,210742.77746556088
2340,397311.6974469472
2341,217529.20103091197
2342,229916.58661996247
2343,222174.32884645206
2344,214728.21120284908
2345,230734.54275720086
2346,211131.86190733605
2347,197678.66401125182
2348,241040.45626620384
2349,181317.0498279964
2350,315818.73662297265
2351,260535.46414603599
2352,248794.6800958335
2353,245635.49262997587
2354,142694.81827857587
2355,144962.63185075394
2356,146868.2930702604
2357,181792.05561046
2358,198160.26772059072
2359,133975.01933285582
2360,110888.29389398753
2361,145259.47042760023
2362,275300.556790368
2363,134262.85377790997
2364,151703.49678400665
2365,211000.2000646857
2366,192709.3396403813
2367,223201.94072610134
2368,218428.05250894665
2369,219361.11583251928
2370,165921.72748989446
2371,159400.51184214253
2372,192373.91189804228
2373,285425.5325375589
2374,321620.4110951394
2375,248880.58779489034
2376,292451.84854142345
2377,343357.98917767766
2378,147551.28198991128
2379,201401.0284395053
2380,150352.59662327357
2381,172500.22245733853
2382,201825.82439291538
2383,200392.98937932085
2384,245941.88270910396
2385,156770.54057142063
2386,129641.86934512127
2387,131369.62646725026
2388,100543.07962718394
2389,110909.31517147667
2390,145614.35573935666
2391,139214.37453834407
2392,113810.42291469144
2393,168220.24206960716
2394,142199.18279204526
2395,211783.63679560265
2396,137607.80210601233
2397,230240.40391361402
2398,126618.61355581737
2399,65613.91118351102
2400,62367.33439707551
2401,125009.53170758535
2402,135815.6395752503
2403,148663.74470051448
2404,146820.07841439988
2405,158425.35368602953
2406,142857.17680458003
2407,125503.21469523906
2408,144475.4407526255
2409,116948.31526233414
2410,164865.81157795424
2411,109127.91467630614
2412,155962.501418377
2413,127772.09792264776
2414,164012.89518785567
2415,135703.0110548647
2416,124059.71611861391
2417,133755.09080305602
2418,133625.59323303658
2419,126461.36782845252
2420,116815.8389766674
2421,152640.99703166186
2422,104898.78494902728
2423,114661.02521694734
2424,152761.31648802094
2425,195691.88566445076
2426,129193.55971139435
2427,124863.61111513004
2428,181022.20177387644
2429,109716.79095974517
2430,132093.62748413393
2431,105837.12432328137
2432,147112.93472708177
2433,142455.33802418387
2434,134545.97599186059
2435,151204.90035059853
2436,107478.95721237925
2437,102572.98820783665
2438,120712.55832143298
2439,101066.6444371539
2440,120385.76947450398
2441,91824.25475888862
2442,97691.70648305137
2443,126154.77118469312
2444,127952.71255759586
2445,88244.53743756478
2446,134727.12978212853
2447,171912.80613017152
2448,120776.7623052816
2449,105899.74550726844
2450,151990.35732896213
2451,111653.69087199403
2452,191605.30545015447
2453,93928.22060283729
2454,122688.10735070118
2455,114252.52086422256
2456,139761.22859562052
2457,137586.71052849854
2458,125549.46004912925
2459,111325.77434260288
2460,137074.12371374064
2461,123840.82982352693
2462,134491.62216223014
2463,122508.69622654548
2464,175430.5142758563
2465,138994.05309282677
2466,115662.0047388633
2467,119026.05160170546
2468,81201.21420974523
2469,81877.65163364596
2470,193650.33645247028
2471,215732.8874400658
2472,158551.8879733028
2473,113733.76341946471
2474,64768.95472743009
2475,215062.0846525882
2476,113840.29521037215
2477,128571.76672980348
2478,157932.70545538428
2479,100365.01708623044
2480,148924.50369505995
2481,116837.48811707237
2482,122130.85777822416
2483,105732.7626340524
2484,114798.13615053584
2485,123251.22699470259
2486,151456.83998011608
2487,161940.99252295736
2488,162074.35980003618
2489,151903.6749405768
2490,137708.83860259104
2491,92181.4513901263
2492,192785.7658763129
2493,147153.4217449627
2494,141433.79862598208
2495,85437.2089744944
2496,228136.85642947326
2497,157015.55935182326
2498,105905.47824313382
2499,87057.00749497188
2500,127910.6478888335
2501,141412.40143306484
2502,146455.90940160907
2503,95920.5433164091
2504,190483.2967421876
2505,226063.08706950044
2506,247451.30090753082
2507,277299.8750962524
2508,248001.07806423202
2509,214255.44446208957
2510,209956.6859132582
2511,171120.0490342224
2512,208184.5444982227
2513,219694.939767155
2514,246589.87279656215
2515,150152.3136281366
2516,170741.62579782342
2517,148994.07474359675
2518,157107.97705172983
2519,237827.6428373226
2520,214482.90581140277
2521,184456.62974966393
2522,223060.12183447587
2523,113972.02838735015
2524,132316.06319361192
2525,145504.1324950794
2526,136854.57951446268
2527,112790.13855248145
2528,127201.24375935053
2529,137542.9061013086
2530,119537.38041687255
2531,259997.26471587026
2532,225171.93586116872
2533,190180.2897301125
2534,232461.21375941404
2535,296157.3759227163
2536,233023.25193733582
2537,248089.58205031126
2538,177405.82977358846
2539,182195.92045917595
2540,176776.90061458622
2541,173827.38039980843
2542,159143.36534571438
2543,118043.23531913677
2544,119689.09106483257
2545,133407.30199435624
2546,123214.76056238131
2547,131715.6776290546
2548,156821.7408552307
2549,154139.11644365356
2550,908309.2465557156
2551,137108.08402667905
2552,133172.65677154905
2553,72665.0795065218
2554,88208.3302098268
2555,116298.19182277432
2556,97429.13781560243
2557,102760.85009589496
2558,142883.27743517162
2559,144627.21281644198
2560,150074.11483662255
2561,139901.30659687342
2562,137683.75641466107
2563,146173.53481554045
2564,197967.46835347742
2565,139678.59028806174
2566,155590.41336263347
2567,135999.02013283788
2568,197236.2039817243
2569,233680.20634384654
2570,113101.39056047295
2571,195152.93036298835
2572,151855.91557000973
2573,222050.13295196323
2574,297290.11813020875
2575,125809.8965088009
2576,113915.0326505392
2577,156528.42131171504
2578,81884.24620100301
2579,60168.545796307124
2580,92945.80095316071
2581,107556.37090614453
2582,112906.1051524068
2583,294085.1170658779
2584,180595.73870803323
2585,186091.2267310286
2586,228551.39997768786
2587,195705.50009938524
2588,139125.09026193802
2589,146896.37969450126
2590,195956.98239410305
2591,224382.89385947297
2592,208214.9294490089
2593,247956.91910782378
2594,174472.02059106788
2595,193609.70670864603
2596,284774.25746830227
2597,178729.0136319957
2598,284908.67201883486
2599,334630.52539510967
2600,167319.09780715237
2601,140742.1294926084
2602,81778.74724044277
2603,91027.80892449732
2604,88839.39720369541
2605,77900.01998486486
2606,138965.46121627124
2607,206830.81323583913
2608,188664.00154252772
2609,164797.1590458578
2610,106619.65111477768
2611,114318.47538417386
2612,160134.71728087685
2613,127142.04428672134
2614,120948.90885437228
2615,153821.8040507648
2616,141315.22602686318
2617,187176.72019330712
2618,209589.64726696964
2619,199923.0346528559
2620,185719.8463990386
2621,171652.01457104782
2622,177297.90112774566
2623,237515.37432567662
2624,304011.51136863336
2625,287663.6942625293
2626,169540.2370041425
2627,157696.42894262867
2628,505737.5610561426
2629,530798.4553884352
2630,373755.7743926381
2631,507911.3052268281
2632,421814.56489743205
2633,302183.0894077852
2634,438630.5982608026
2635,153563.8487543883
2636,168237.73305679308
2637,178082.61377629693
2638,263448.85407298245
2639,182505.45943457037
2640,144592.50566230298
2641,98657.25336881985
2642,188595.02561930867
2643,105163.28217297784
2644,113918.0786549964
2645,109753.85206556895
2646,95308.96452730973
2647,104863.14655980753
2648,140449.79225812756
2649,153083.4934230369
2650,127657.17521911363
2651,133939.8377403473
2652,409427.28186333674
2653,247799.3614746071
2654,253475.9852312689
2655,408830.6793763294
2656,321885.2006475701
2657,349960.1339675951
2658,305187.61848603206
2659,303157.65081940196
2660,356014.7935794074
2661,351794.03235670173
2662,369085.60959183314
2663,288491.39819090656
2664,267305.74815964344
2665,326313.8461255828
2666,277060.0181922799
2667,168092.54831715347
2668,175013.07168180865
2669,182247.18395182496
2670,274137.5060969813
2671,181595.73257739452
2672,192585.28356947305
2673,196048.88974952837
2674,194138.30622076354
2675,174246.37902166197
2676,186885.0817215093
2677,200350.4154724351
2678,253635.50699993392
2679,262232.9885560782
2680,280648.8166317762
2681,397461.03250432765
2682,315650.20199718553
2683,533681.8083816274
2684,305465.9630135597
2685,325960.7856247601
2686,244903.55826984416
2687,314759.84064795624
2688,214150.45518964814
2689,204034.64516652463
2690,436240.1379978385
2691,185578.62112131977
2692,141364.55440631928
2693,198463.14650998203
2694,136973.29148864053
2695,187968.0321900632
2696,177854.50829104485
2697,184101.1388306318
2698,186314.46838570092
2699,172012.09087650132
2700,152951.90710598681
2701,140943.74823291102
2702,104409.94216886672
2703,124649.53428499619
2704,138075.01480402597
2705,111987.96592558919
2706,105168.50375228505
2707,117625.28463905657
2708,132509.3641076482
2709,101088.27446741906
2710,123950.15499720177
2711,283753.019825833
2712,386311.0022377381
2713,171295.83571267885
2714,146992.35298937623
2715,169032.64992929169
2716,140593.43172318308
2717,196974.4267867487
2718,216463.43344924075
2719,152739.13631261844
2720,167107.73545648414
2721,129803.22615746387
2722,155489.437555875
2723,134047.7291455459
2724,127041.25864999145
2725,127006.57503866487
2726,150539.64894098634
2727,170782.55969608456
2728,179357.46488790849
2729,144639.83205538586
2730,148893.8834829207
2731,129584.77708753689
2732,129732.68906138219
2733,160531.6271460136
2734,138807.1791618531
2735,137078.59464270214
2736,138455.13270876973
2737,120740.91164011785
2738,136849.2728278031
2739,156702.17897142153
2740,135184.66686088935
2741,144823.51675467222
2742,151775.90123326026
2743,157120.2381546924
2744,164395.44612043008
2745,138373.62129119856
2746,140933.47308822657
2747,139340.57994829153
2748,118878.53949208661
2749,125793.39671761246
2750,128374.4084873785
2751,135105.16227323588
2752,188635.37563072421
2753,140145.01616540246
2754,217608.5041326131
2755,134921.7813952766
2756,95703.34883837591
2757,69471.30269091701
2758,87351.59732176176
2759,158550.62828291336
2760,120483.15567051354
2761,141405.72843379728
2762,143296.39208363913
2763,181448.78859678254
2764,141913.7514649419
2765,293433.5003705546
2766,132451.99466707252
2767,85840.11032004967
2768,126075.61558987689
2769,130571.82012927307
2770,133741.81362087067
2771,101207.21777044608
2772,108225.61395537168
2773,165202.5252765057
2774,148784.74485037307
2775,110174.40286136833
2776,137019.72079088798
2777,142048.47632806466
2778,99941.73398284294
2779,120705.24794921461
2780,95023.82043694696
2781,96845.11055937975
2782,97502.12198244438
2783,97258.26216716683
2784,118161.34548626572
2785,133514.6067647726
2786,66588.18761901808
2787,123203.86745742442
2788,75173.17193740002
2789,166659.92240520814
2790,91052.31192032112
2791,106573.76633131494
2792,61627.66821428118
2793,151326.02393702778
2794,94015.7080911076
2795,119637.7669822591
2796,99140.03960505314
2797,219490.2466101328
2798,101386.23408367117
2799,108011.85154746992
2800,65829.93473869564
2801,104513.26704675514
2802,125096.88623738909
2803,171236.65844933514
2804,126878.84646139656
2805,100111.11438912878
2806,81565.06173474161
2807,164564.66289026412
2808,141993.20970871157
2809,128823.66820086562
2810,121739.98281523422
2811,157512.2441130405
2812,165701.0441603214
2813,154155.3011965819
2814,153413.35689400716
2815,97082.8163110085
2816,227568.55267912455
2817,150640.69848240158
2818,129750.48936937949
2819,167892.72263926902
2820,135587.43732183604
2821,97545.15267021414
2822,185368.0936352689
2823,349176.21454132604
2824,180825.67142336658
2825,144198.37674448968
2826,134793.3870617051
2827,136452.25582295484
2828,222237.65189271278
2829,219716.82884504652
2830,230219.5292355868
2831,166646.38701588576
2832,247360.65850949462
2833,305394.145132721
2834,223519.77199027396
2835,219396.189159223
2836,184487.0494853746
2837,150836.56021290683
2838,150928.2769768147
2839,171391.1091617721
2840,203413.70622932477
2841,200779.19058763352
2842,234331.2929649733
2843,146471.33561332675
2844,174057.13471433966
2845,124491.96290757811
2846,203975.8590137485
2847,208046.43298707728
2848,223443.4759605688
2849,195634.49343266676
2850,276387.40474908426
2851,213051.16190196277
2852,239231.02048037638
2853,234924.68908244008
2854,135135.47048734146
2855,199254.25537538223
2856,198280.84245555222
2857,182310.80638537556
2858,204102.68991536746
2859,104022.89172755461
2860,126528.14305106644
2861,126965.41795172014
2862,182635.42289034365
2863,128797.2923123125
2864,250770.44909433377
2865,140091.87108481317
2866,142912.40651438854
2867,98943.31984343304
2868,93443.83006195465
2869,97105.84821608478
2870,113214.4291013031
2871,78484.64955421608
2872,53092.36678700628
2873,94642.52818996823
2874,141938.79178323102
2875,115329.62879583027
2876,159453.13112134772
2877,148763.8219193304
2878,159973.01684082305
2879,137519.5973789886
2880,102216.10664962095
2881,143918.2660679857
2882,180771.2724417079
2883,193304.0497289066
2884,185427.29844802
2885,180478.53002247753
2886,235446.52346359682
2887,95230.55419807791
2888,137935.80519368555
2889,56327.49121791404
2890,80156.30658758887
2891,134848.30523268817
2892,47270.43601992336
2893,76523.55235778898
2894,55287.06083451618
2895,340436.21008183225
2896,282140.21796976443
2897,211373.81308137527
2898,143866.4357470086
2899,201739.35335962256
2900,157227.07821766124
2901,205979.70875940518
2902,176389.7112205807
2903,318215.1602027337
2904,352873.6149305583
2905,83868.86415497538
2906,197042.42893305916
2907,109622.36136735592
2908,126709.83697505028
2909,147994.1282109392
2910,76347.27876526154
2911,79609.50298675647
2912,141593.77540915253
2913,76973.18499008332
2914,76383.12041029306
2915,85605.58199448549
2916,78313.07191531727
2917,172263.8811721623
2918,114401.72432198576
2919,218730.7164023966
