Id,SalePrice
1461,118008.87231586987
1462,154188.95791970505
1463,185294.42727031288
1464,197507.67674532393
1465,190967.8121707333
1466,167715.51437114968
1467,172690.92894348604
1468,157840.88368556564
1469,195183.81878143016
1470,117300.89685527404
1471,177488.90843941428
1472,95562.7017363881
1473,93606.80915881414
1474,141744.3217484432
1475,103710.85965481379
1476,364932.2673648478
1477,241655.4708341408
1478,288559.76872597326
1479,288127.2722584852
1480,488443.75729725655
1481,326912.47363489954
1482,209237.31519866345
1483,180607.6938913116
1484,159766.09633108397
1485,188479.58793727763
1486,191883.48556337532
1487,331670.4574938025
1488,233404.3406675641
1489,189669.10727061122
1490,246223.9231890697
1491,193573.7231299434
1492,93346.10523278135
1493,179328.90464346067
1494,285912.93278685183
1495,281940.9082892448
1496,232378.22463358718
1497,179415.3198770964
1498,173522.54530133607
1499,161786.40224204672
1500,154781.10968049007
1501,177704.16400001163
1502,141898.99786544088
1503,293112.7246109044
1504,236434.41869272912
1505,223990.85668661023
1506,190276.26330164235
1507,251011.5618138043
1508,199999.8947205939
1509,156545.0845578499
1510,143747.63817416778
1511,157788.1257234494
1512,173364.19202209334
1513,145312.24835344846
1514,156742.51252989282
1515,192403.32835193636
1516,154103.38080294634
1517,175231.7880463364
1518,131636.97776121908
1519,209766.30918036995
1520,125207.44452856196
1521,130703.12780820765
1522,177148.52864247296
1523,110667.91903274825
1524,125422.95376786022
1525,117776.8940745377
1526,107226.86372943646
1527,104547.41285452904
1528,133734.97164216518
1529,152450.61670877258
1530,190081.04072502963
1531,104499.43693988341
1532,96428.31730747157
1533,152312.6179167879
1534,125789.04019641258
1535,147830.45537006963
1536,106468.55063536353
1537,54430.18125844123
1538,143743.7102658714
1539,180007.1151916555
1540,92504.85912286179
1541,139555.9753106075
1542,146765.1663907069
1543,185462.4373352625
1544,85911.82087880849
1545,113730.04151099913
1546,132295.01341017292
1547,130315.20197393681
1548,136699.8804501865
1549,116714.91579228724
1550,133249.00307847888
1551,106784.88503454466
1552,137256.38034915394
1553,146458.40493044615
1554,113995.52177893955
1555,160312.2152233893
1556,79321.10102145687
1557,108777.96016752676
1558,101426.79962400744
1559,63081.54884507149
1560,125722.0526241751
1561,123987.16250155552
1562,128515.09252509596
1563,119533.19146153024
1564,154430.90637333595
1565,151479.25380065406
1566,241414.19426135844
1567,76571.6776108068
1568,238445.47027164898
1569,132924.37802356045
1570,132103.05400673882
1571,115611.61147771735
1572,143556.9606605707
1573,244238.49609074596
1574,119073.55682541296
1575,237827.1159303908
1576,241679.2559293891
1577,178172.8217415129
1578,142178.00832595685
1579,149339.2713642961
1580,192276.82535678547
1581,155071.95995227518
1582,122239.7356618133
1583,284709.70165312104
1584,215533.50918124866
1585,134945.62837768398
1586,67480.75706154921
1587,104296.28413855184
1588,154331.33275511817
1589,97791.47317470663
1590,129916.44249712864
1591,93710.18086979377
1592,120532.12121078568
1593,124885.84269829594
1594,127956.43963243297
1595,102849.82656521176
1596,215689.74052738812
1597,199992.60253200203
1598,226772.4816633416
1599,166551.7992703507
1600,157165.82386158925
1601,62618.28941859982
1602,114356.3038272528
1603,74435.30550179377
1604,263419.2575809859
1605,233481.9252458833
1606,161860.97738825754
1607,176283.5794625835
1608,213299.88723394249
1609,178303.50382449516
1610,148240.98259123418
1611,138043.81270269005
1612,172758.56223444914
1613,165898.24657173897
1614,124177.30630436193
1615,91955.53467415267
1616,78547.55552890735
1617,92137.6952022865
1618,127510.86726537829
1619,138535.0395678447
1620,144384.15176914004
1621,133510.597367219
1622,138008.95823189724
1623,255788.88337547568
1624,212947.69052170127
1625,116005.9989297551
1626,167138.03814890486
1627,194297.22513270125
1628,277152.9772138731
1629,175607.00866429563
1630,346543.9844961376
1631,220190.03608917384
1632,240718.25783961389
1633,170445.82388722102
1634,185867.80229498763
1635,170407.78772657074
1636,148456.3585996971
1637,204646.48776540573
1638,174468.00586831852
1639,185893.0606061706
1640,247615.4033032222
1641,179440.61436042658
1642,245207.403350668
1643,211890.09838899696
1644,237136.13290598284
1645,197709.0554421135
1646,154038.86384562086
1647,155073.24733627768
1648,129398.67123728042
1649,139298.43723824256
1650,111165.38219038438
1651,118888.5647565264
1652,97225.27722536672
1653,98523.11816714528
1654,142934.2462951954
1655,125028.4226212856
1656,137121.41408251936
1657,146787.38384007063
1658,145076.17119753239
1659,114247.69960263046
1660,152550.17277391985
1661,441543.1391279655
1662,382697.47416203714
1663,370883.4553336383
1664,497692.34172815527
1665,304012.10594880837
1666,321395.3413079767
1667,385573.3662192646
1668,342579.10663599655
1669,298364.5282067079
1670,342376.66239367955
1671,261036.34982148788
1672,403315.999960656
1673,282464.0005004747
1674,231968.27956907067
1675,198971.62821475405
1676,193233.65843698452
1677,220515.8074507837
1678,456571.2801515608
1679,393565.42519139015
1680,323461.11885679065
1681,244072.83416866665
1682,315431.7661012845
1683,185868.78847293663
1684,171957.78000826988
1685,170597.04126769162
1686,167157.5654495714
1687,168217.745915642
1688,187885.52935213796
1689,190779.67066332427
1690,193060.79129043536
1691,181998.89809975857
1692,255288.79468837878
1693,165531.59865637566
1694,180078.18883432497
1695,160683.25336478246
1696,268342.051115458
1697,166161.4916050772
1698,340505.2058648611
1699,300584.6118481284
1700,256021.31530126132
1701,268601.7592352035
1702,240486.75685656848
1703,237900.12146379976
1704,269528.70748368185
1705,239098.87692902968
1706,436391.2981972884
1707,210865.24033016353
1708,198882.02033024665
1709,251540.99028448339
1710,217757.04095808053
1711,273804.46605235717
1712,250858.07720307572
1713,276244.72170396504
1714,223590.04580800756
1715,204883.89044267597
1716,182823.77142438956
1717,175536.5226014431
1718,138111.7217979206
1719,213513.94990389087
1720,227043.94752684308
1721,157509.06845110247
1722,124602.22952224208
1723,151827.66164061628
1724,198214.1222235366
1725,234299.95980534342
1726,183700.81328964152
1727,152796.94835623645
1728,166954.76687614206
1729,163387.2958077778
1730,152797.66851189453
1731,116377.77718564839
1732,124707.88196441547
1733,111412.49427215509
1734,119510.04806426352
1735,117731.41151766042
1736,103214.45826061534
1737,287473.21696156147
1738,258646.86587203102
1739,233405.11928308455
1740,222169.3947172075
1741,195580.43637250428
1742,173421.61559457652
1743,177049.70197500556
1744,351094.59083581064
1745,219001.31162467392
1746,174377.4950154349
1747,215489.32499935644
1748,215719.9923988558
1749,137822.43978651005
1750,122107.40474516066
1751,249171.4506876754
1752,113341.97603845646
1753,154834.9588835417
1754,188344.82451401633
1755,166424.19059136428
1756,124570.55865025357
1757,119798.60112625644
1758,141937.0671832126
1759,161365.3238431551
1760,165095.5624232988
1761,147952.081062552
1762,177518.82803645442
1763,192464.96796771756
1764,113665.51857959
1765,169706.7088237102
1766,191358.28703392931
1767,224741.82995819228
1768,140711.79913217484
1769,169433.52880505263
1770,152760.22330970652
1771,116051.22737526707
1772,130223.57965304414
1773,118611.36245322975
1774,144977.4803782729
1775,140233.32877314245
1776,124243.47863873318
1777,109872.50638008841
1778,141763.48688341473
1779,125894.1939674566
1780,178044.84640637581
1781,125812.32945481969
1782,84798.687753558
1783,140795.3617255889
1784,106296.54685750432
1785,125903.3356100621
1786,131277.28374305574
1787,157566.3417140692
1788,60289.96002408167
1789,96022.75973852353
1790,81684.60637826596
1791,182575.1921045082
1792,160586.76621294644
1793,128359.80142171608
1794,156140.85714013365
1795,135634.4241642531
1796,119231.27116318904
1797,108747.25873919841
1798,118178.07630715614
1799,108527.98586680516
1800,125344.9856133779
1801,127630.63137681787
1802,127215.15448371373
1803,148073.0470020707
1804,135155.15607804272
1805,131795.50482639213
1806,122312.14173585577
1807,131749.18855437374
1808,120549.29149126906
1809,123670.67378692847
1810,136826.825474285
1811,95508.33083018452
1812,98899.81153331212
1813,128776.84888765209
1814,97934.36583401643
1815,52621.728514306116
1816,102351.40039554612
1817,105485.99579127008
1818,148026.03423092634
1819,124598.66874067723
1820,57233.936622027606
1821,112703.1176248465
1822,150121.48779037668
1823,45364.09077972222
1824,127196.37571911314
1825,133764.60802832
1826,104195.10546396462
1827,103507.39663334395
1828,132021.43682937237
1829,118351.98199060239
1830,142547.66045662758
1831,140222.2665076813
1832,66292.81575058673
1833,134895.0112337132
1834,115037.13320957436
1835,116093.59256180991
1836,124253.9003227075
1837,84382.88236638936
1838,125818.96554940635
1839,96828.7608023569
1840,138383.3242237457
1841,135487.90272689651
1842,89181.68180409509
1843,128217.48908238363
1844,134465.94263308297
1845,143704.66852096157
1846,157167.45477388395
1847,173993.3681179651
1848,49364.43853483007
1849,111460.75379480256
1850,116517.49793416461
1851,154215.69933272808
1852,124570.82310508582
1853,124968.40986359224
1854,166978.81015068834
1855,151392.03926740683
1856,228483.87994807606
1857,141013.95573554566
1858,135546.8020126656
1859,115467.15639130988
1860,141132.01546998543
1861,115102.29565151976
1862,299723.5905513216
1863,277255.4738290445
1864,277355.2628514563
1865,352564.93766425457
1866,330933.81458160514
1867,211988.00696290037
1868,282812.42399202375
1869,198546.83018722964
1870,213483.93709889587
1871,253274.7947007619
1872,173006.9054989672
1873,249658.212566859
1874,151137.54868853043
1875,199021.02817553616
1876,201780.2715720795
1877,208318.98700616197
1878,201467.30061332256
1879,127830.34011419101
1880,126225.28027511637
1881,239625.5646896476
1882,238563.82617123914
1883,183161.06799896163
1884,202808.0515947468
1885,235155.88400316122
1886,281958.11696964904
1887,214752.54669477814
1888,257528.63309962867
1889,171468.2598328342
1890,114792.95177809973
1891,127916.67042893129
1892,94189.05811310183
1893,131129.80859581355
1894,125984.03833829692
1895,132996.40300842078
1896,124917.51252625452
1897,114894.87468899805
1898,113175.31531274301
1899,163933.41685794856
1900,144505.92803518777
1901,174641.11045487924
1902,159601.9731350055
1903,208189.8845026225
1904,139122.6461719847
1905,196245.52223957278
1906,151854.96364938177
1907,208535.2099353865
1908,106335.25453765904
1909,131220.2635266929
1910,117030.54673967669
1911,227249.84175625117
1912,343386.75397315057
1913,135020.2897736964
1914,60827.57517178111
1915,317259.21970930585
1916,63056.063258054346
1917,230997.3775323325
1918,138503.59979006439
1919,175675.83851444005
1920,159145.41039165255
1921,379210.70340181584
1922,313947.2859157272
1923,237380.72404100024
1924,227266.4956201613
1925,192272.72900640484
1926,373438.173903559
1927,131247.31443382724
1928,158483.24794979478
1929,123840.16585565424
1930,124373.93250436033
1931,137186.25477519498
1932,136788.06417511174
1933,193603.88250591725
1934,181157.8658007512
1935,169728.37830894417
1936,198442.12879989902
1937,182489.4081314042
1938,171152.83808469604
1939,240645.7079325265
1940,186667.1409167282
1941,166607.25308695168
1942,179071.23217763912
1943,213945.12258926008
1944,378067.1752216425
1945,400758.09309977305
1946,129447.73306754035
1947,326157.357582977
1948,173819.57831703138
1949,252527.80728578623
1950,186505.07693012818
1951,232144.19979414984
1952,200689.67596596593
1953,163948.97929746608
1954,179791.60102357733
1955,135494.71795423358
1956,296242.3398565548
1957,150653.16292476375
1958,277008.44293154153
1959,145045.8433999623
1960,111257.14851470906
1961,118149.05336667516
1962,96167.80661269213
1963,105482.25021728079
1964,104390.40949228336
1965,138885.6704980016
1966,131001.26387548266
1967,288630.49789926887
1968,418513.7447918986
1969,379787.4270353688
1970,404294.12991667335
1971,468736.70216172904
1972,366514.0598468285
1973,271335.6238811859
1974,335127.8106844659
1975,545517.0821773907
1976,263964.1231399096
1977,348172.4188531224
1978,353325.072639449
1979,316897.04032361886
1980,210560.3165163492
1981,333598.3310599753
1982,210550.73130510564
1983,197747.63674308837
1984,167421.95964956933
1985,226273.03863993468
1986,205527.2798174128
1987,183520.88582514465
1988,171110.95400737575
1989,189653.37352258546
1990,203096.05940479692
1991,232339.2805636952
1992,213457.4281973417
1993,163282.65985322543
1994,227897.5717693284
1995,180344.92888960478
1996,244586.66678436435
1997,311221.1191513109
1998,299574.7364843853
1999,281345.4864850756
2000,308036.32537057746
2001,283691.1876486057
2002,238474.10257516
2003,253015.8043372814
2004,280340.7204706615
2005,223594.9124396846
2006,216567.65016847505
2007,242617.96975681855
2008,218273.31033886562
2009,202231.9286232083
2010,191209.56260767928
2011,139129.7559366955
2012,170291.92958648666
2013,175412.15249454151
2014,184098.05157799344
2015,205780.2872433966
2016,190840.1155348475
2017,190586.64675003572
2018,114162.12017352224
2019,132269.98581992302
2020,98382.15122715198
2021,94925.45487513111
2022,188693.6088650613
2023,144292.22585039618
2024,272882.6628038762
2025,344984.0814135371
2026,175469.35297601702
2027,161536.0653918445
2028,150319.41131166005
2029,169121.78203204158
2030,256949.02575314054
2031,226808.3180108106
2032,246151.01766823966
2033,243430.47457147104
2034,174051.31479496867
2035,223691.33368406378
2036,199314.1345806331
2037,215745.85993868246
2038,340706.73745395703
2039,226689.96097466955
2040,268433.9468255855
2041,324885.87659710617
2042,207751.12866749134
2043,178346.1509452231
2044,171018.40348914085
2045,202998.191495225
2046,155106.11386002883
2047,144055.656787399
2048,138778.68650695923
2049,146586.50321375305
2050,168752.18664358536
2051,100470.64694597009
2052,118798.52571322239
2053,148844.12237370963
2054,89546.08207280019
2055,159323.9036508032
2056,140187.88411932046
2057,107730.86620388232
2058,218889.30901237586
2059,128659.01720927122
2060,177315.1091644008
2061,169887.47955602588
2062,126038.29911460505
2063,116738.00592052926
2064,137151.0239820037
2065,114575.90562133896
2066,160159.1941898713
2067,111873.00379936473
2068,152622.05438579884
2069,85527.04115814647
2070,114900.36518605248
2071,94522.2482952631
2072,129499.831101674
2073,123848.13539282458
2074,176615.615460245
2075,148613.6932412512
2076,112675.50738583598
2077,157292.89759499318
2078,122047.2757853386
2079,129750.99942583607
2080,116771.13231147703
2081,122711.07350394713
2082,119136.40706823781
2083,148918.37104898956
2084,106312.52612799506
2085,115762.11305506562
2086,105343.05941238483
2087,121540.26639711263
2088,94934.39109003394
2089,79409.78745894824
2090,119908.89332114106
2091,109209.63858945905
2092,119428.30613414329
2093,115326.12815391606
2094,110212.31461878482
2095,148399.87145002664
2096,82436.16155310108
2097,95584.28452127337
2098,146690.77790153044
2099,50570.051261363085
2100,63978.7979139417
2101,109890.71934516648
2102,118536.3563278045
2103,102515.62261834924
2104,136014.23198542983
2105,128353.02834023167
2106,59754.73303333043
2107,179157.39446545183
2108,116711.38500303084
2109,110717.32588888485
2110,125543.25339421639
2111,133348.36056188872
2112,133807.445494222
2113,119070.5710100504
2114,121540.47834969814
2115,164615.65470162538
2116,115075.02153264683
2117,143450.40732360465
2118,124180.73866511039
2119,116562.73826589125
2120,109221.4161670859
2121,89859.06179513803
2122,118065.20185911641
2123,80579.60666665998
2124,150562.92455803734
2125,119994.98158276603
2126,149041.1956401969
2127,165282.0081226231
2128,118189.79921729842
2129,83721.99353315336
2130,129551.0573002521
2131,131474.5071465631
2132,109239.14424427271
2133,122343.70560544093
2134,117787.0164274675
2135,92767.09032526362
2136,75988.55314153648
2137,106249.27430870291
2138,134513.97521530904
2139,146394.04903876048
2140,138655.21300047744
2141,153016.91629847136
2142,126955.23573011096
2143,149249.9200686962
2144,121488.1920793344
2145,138339.7833332612
2146,174744.0366727078
2147,134839.15364247662
2148,128659.61152805224
2149,144922.9833298489
2150,234091.74407814344
2151,111620.18564003357
2152,184325.73387320366
2153,162844.75050545504
2154,102609.26360950673
2155,137768.26596543085
2156,254044.742641613
2157,228221.2412554665
2158,239513.68136458847
2159,214749.94274247147
2160,181378.5474804533
2161,227223.16538214745
2162,379202.74062697415
2163,348889.59350721876
2164,241930.12125317665
2165,202960.12065258212
2166,157518.77940767622
2167,217380.85868826986
2168,197512.10017538257
2169,192344.86694369375
2170,212229.68306214464
2171,156241.5899994478
2172,128705.39752760412
2173,174143.69646902021
2174,223305.1374321319
2175,283854.3594012764
2176,306624.48524595523
2177,236023.97634782433
2178,207677.50001608138
2179,134814.75262167415
2180,210795.8179811305
2181,196292.43460272078
2182,226087.77208264527
2183,187640.2123519444
2184,116507.3637536662
2185,125492.9609995367
2186,149540.34692831954
2187,146297.45848906678
2188,151223.95620838212
2189,305031.0863272973
2190,77686.06456054
2191,78190.12740271282
2192,85038.2009360517
2193,113074.23815943037
2194,103657.28948663088
2195,104194.21682310055
2196,98481.17889459585
2197,120361.56327949952
2198,159621.0913623726
2199,182184.31227928412
2200,144559.2698513515
2201,140762.57013875886
2202,211098.65291236652
2203,127567.82576145565
2204,180103.27247721443
2205,122674.20393052718
2206,138084.55171857422
2207,205274.501837741
2208,266238.6039049918
2209,257451.45711052953
2210,117807.51645373544
2211,113867.23678684377
2212,119027.75326558802
2213,104087.72143652762
2214,131883.50836462498
2215,96699.08211026312
2216,146237.38471874534
2217,55585.215878926676
2218,74172.96728937842
2219,69511.38326251328
2220,66931.5318233046
2221,318395.2622501955
2222,290473.8313973457
2223,283573.6698556506
2224,203461.11952023246
2225,120219.12323489982
2226,181487.75640639637
2227,188643.98544877896
2228,264969.37549932336
2229,249602.13876947953
2230,149675.75337305362
2231,208755.0901800126
2232,178877.5332504737
2233,177493.9690119691
2234,235600.00195175954
2235,221580.09587954934
2236,249352.05636347126
2237,296559.38398476486
2238,188709.1683222077
2239,107870.2647944076
2240,151054.94706062533
2241,155865.7837095208
2242,121471.34035373274
2243,128839.41386873738
2244,103603.87614078925
2245,100000.60971775356
2246,138126.8146039152
2247,113443.59227596335
2248,116387.69729298608
2249,113887.13178311543
2250,124859.32257164591
2251,91991.37288749732
2252,185555.81625480956
2253,151756.07395123778
2254,174478.13563042582
2255,182372.194899821
2256,165174.94898732982
2257,203277.30590597616
2258,151957.790659084
2259,171326.36517139833
2260,142958.99992959574
2261,190783.42518982786
2262,211116.4515446233
2263,384949.52761694894
2264,524947.7081510496
2265,170340.5826044791
2266,303454.9097049232
2267,377085.01507869246
2268,427439.80518693366
2269,147287.80522930186
2270,194684.46945166384
2271,210736.21469278456
2272,190149.16007695397
2273,155985.17514168925
2274,180607.75394457227
2275,158207.65344426743
2276,189024.85387338084
2277,186564.13971331267
2278,147009.38289211728
2279,128316.73513234414
2280,112735.94191297397
2281,163074.07051423172
2282,183553.59398448843
2283,108307.6528345817
2284,114489.08673671451
2285,134015.7511889244
2286,122729.84946275501
2287,372968.11613258946
2288,271677.5018629548
2289,363481.0675561056
2290,461470.0219635237
2291,333334.6761335043
2292,439939.9961988765
2293,480184.70981448854
2294,397360.6931072758
2295,472183.9132648884
2296,286247.4671988911
2297,361853.71495663794
2298,352758.27217073855
2299,345990.77130659466
2300,326629.1703240041
2301,315809.32411657815
2302,245023.61404775069
2303,240019.56248044327
2304,248864.7968780407
2305,197942.57017279594
2306,190986.10717988628
2307,201946.4244222978
2308,224501.98322382636
2309,280966.83828254085
2310,205465.34436992605
2311,202003.39773895394
2312,172397.43738253936
2313,168909.1874463517
2314,172313.64124056743
2315,178183.05299783606
2316,194393.99747362136
2317,188300.83272348339
2318,179452.72891203014
2319,181561.96988825346
2320,179726.59145767655
2321,232995.363651789
2322,179669.61387968418
2323,195370.1959854091
2324,177930.45051135853
2325,213259.68821430622
2326,173739.1654837255
2327,196085.75463501655
2328,217702.3521205892
2329,191750.7054918108
2330,180198.00085193617
2331,332542.96105718566
2332,382669.75961493416
2333,310858.80059613584
2334,253837.90011711666
2335,283311.33600805595
2336,293971.6085228304
2337,196536.55813737266
2338,254796.72420840673
2339,214839.21337003872
2340,386864.1638474624
2341,213674.07918385975
2342,231632.5037939204
2343,227794.36814967162
2344,210689.59154303442
2345,230646.37642478905
2346,209631.30665430814
2347,196510.46911556783
2348,240703.758835263
2349,185052.91578971816
2350,313866.6606271776
2351,262960.9779443052
2352,246856.67935159814
2353,241839.12544000187
2354,142233.1822221238
2355,145571.36289177803
2356,148365.45375502238
2357,184204.1483598811
2358,199708.2549301151
2359,131383.5254668267
2360,109247.53338040468
2361,145147.58385088446
2362,270954.05481680826
2363,134493.1619459315
2364,150109.3692214061
2365,207605.47882399563
2366,191127.68106860982
2367,220982.33125845293
2368,216971.62313937227
2369,216475.87387229924
2370,167072.74448063693
2371,161413.45887838057
2372,193244.11220657974
2373,289919.4139330307
2374,321391.3224273224
2375,246611.54690482252
2376,297959.99265575997
2377,337472.2107154642
2378,147458.48033526127
2379,197293.66829928488
2380,151782.9958103374
2381,171790.32937381504
2382,201860.09390541655
2383,200753.6316595726
2384,244433.34988863196
2385,156121.31739775633
2386,127386.06037646717
2387,131065.96147608956
2388,99111.77580224232
2389,111468.99908404383
2390,148351.08258145777
2391,140466.9378274182
2392,113531.3237325039
2393,168602.4442720301
2394,142860.8292698231
2395,209652.23369531037
2396,136613.5517254677
2397,231784.90533485878
2398,126602.56345474682
2399,66479.26479612157
2400,63345.48400675078
2401,124301.58191276975
2402,137305.14961389158
2403,146616.20151266287
2404,150122.18449201572
2405,158348.3861635061
2406,138923.10567529575
2407,124407.13364230443
2408,146044.78741033186
2409,116335.4494827426
2410,165713.58863856865
2411,109878.05097198476
2412,155086.4302640137
2413,127649.21187959556
2414,168280.90737378577
2415,137872.61914046275
2416,124963.20059147537
2417,133842.86403881037
2418,132746.73128153803
2419,126741.71409135211
2420,117715.28613845537
2421,151337.70944743368
2422,104084.39204431765
2423,116904.57592249714
2424,152231.419470618
2425,183223.81676039725
2426,131490.01185518532
2427,126319.528193072
2428,180774.45801668358
2429,107971.98514757109
2430,131108.0292411554
2431,104593.30371542253
2432,145924.81211479037
2433,141327.48235627267
2434,134232.6544170828
2435,150275.82158449484
2436,105384.96617077873
2437,102289.18705523737
2438,119928.1560237918
2439,101851.05705367771
2440,121021.35229040131
2441,90709.34177271737
2442,96056.44400598409
2443,127855.179803389
2444,133466.86707978992
2445,88407.73054350176
2446,137001.0931526628
2447,173473.65756194122
2448,121252.40077422875
2449,108305.90182877079
2450,153239.0025847416
2451,113321.99476788085
2452,189668.65229194975
2453,92628.2740539217
2454,123896.80451142463
2455,117142.56290484335
2456,141422.00075097574
2457,137546.48945442395
2458,127040.13149357226
2459,110871.64194610582
2460,139364.5807245748
2461,124934.15803989438
2462,134622.7655075872
2463,125947.70662660533
2464,173745.51022152527
2465,139904.4679659754
2466,118009.716347969
2467,119163.85983469876
2468,83370.36667528887
2469,83271.71811777288
2470,193016.6430260362
2471,210220.05156235327
2472,156119.67424876775
2473,111160.83962504286
2474,65855.19043980466
2475,210706.36299142952
2476,111470.97347400819
2477,126762.76310076984
2478,158946.78567444623
2479,100665.31408998276
2480,150880.13498743883
2481,116048.35250370193
2482,120894.98946390634
2483,104309.8133765419
2484,116091.16955541038
2485,122289.91791070504
2486,150299.22881472256
2487,160205.78632072834
2488,158946.6542244852
2489,153303.92537636912
2490,136788.66806497567
2491,93211.57287605372
2492,198172.6986484371
2493,151996.52246055022
2494,143190.19300247834
2495,84021.81622573757
2496,230733.31096208203
2497,154432.0332790108
2498,106240.45867433524
2499,84314.14118485455
2500,126219.054496572
2501,140044.24276522693
2502,145975.60587491727
2503,98554.71200060795
2504,186456.87503989058
2505,228329.14427343346
2506,242789.5684749256
2507,275573.3348622104
2508,242882.51607321016
2509,215004.0837578056
2510,211749.83061641813
2511,170025.8186355955
2512,207963.2246626259
2513,223915.2547176795
2514,246480.0266711412
2515,150323.7428158436
2516,174149.9945879587
2517,148340.57810006218
2518,155307.2839747872
2519,238641.3599313405
2520,215138.8616781812
2521,183179.99214384146
2522,223716.60561290817
2523,113972.91869600555
2524,133771.2262395748
2525,148230.07356795375
2526,138625.79045329476
2527,111851.01193435598
2528,126681.64866766773
2529,139301.14528979745
2530,118258.42855876
2531,258476.29885640324
2532,222495.180510558
2533,190008.972682029
2534,233667.51863346394
2535,290240.7078167134
2536,234548.63959840298
2537,247304.48555407394
2538,178581.864793414
2539,182683.3803042575
2540,179423.85773378814
2541,175774.21541335076
2542,161946.70948976427
2543,118633.6804885491
2544,118803.93298938476
2545,136558.8526811716
2546,123106.9248265476
2547,131487.21699151702
2548,156589.22159786397
2549,157721.76981963764
2550,810503.8375115386
2551,137607.62507095496
2552,132477.1655175995
2553,71780.55918178223
2554,88833.26429382336
2555,115078.23777110399
2556,96153.24164142887
2557,102508.01271516556
2558,137210.91138469172
2559,147116.15001473084
2560,149850.14619610124
2561,139442.73052276537
2562,138940.18452029873
2563,144628.24642335172
2564,197343.4502398256
2565,141807.47080843567
2566,159152.29876889454
2567,135583.48509678655
2568,200809.083369164
2569,235842.9231463643
2570,114150.20490663534
2571,198120.11446466722
2572,147793.99652897782
2573,220972.44212240176
2574,306443.2425085677
2575,126077.0309172808
2576,115162.66807139848
2577,120255.90276601668
2578,79113.39309436503
2579,55021.532002282445
2580,92051.68154152039
2581,103909.77095573908
2582,108940.56778166338
2583,291764.51295661833
2584,183772.83673184217
2585,186717.3789351983
2586,225927.243618756
2587,195978.83649889403
2588,133719.78807489364
2589,146536.66414368738
2590,193392.74677533683
2591,225066.80532678947
2592,211560.5844176413
2593,247355.31436138833
2594,173354.56906938928
2595,197228.6916285643
2596,275007.85831183783
2597,186387.2639797748
2598,284825.27618934267
2599,336541.3780630645
2600,159851.00711252444
2601,141241.7761714024
2602,81288.04425206651
2603,91725.17334470064
2604,90302.29735618402
2605,77665.42644997823
2606,141451.29795541783
2607,200919.5507432402
2608,187790.05130650083
2609,165302.93336391443
2610,106640.5103927641
2611,120045.84642782537
2612,161610.14472091914
2613,123833.08590235525
2614,118293.56890266734
2615,152939.74430060553
2616,141615.50851138472
2617,186532.80026863745
2618,206918.6402387618
2619,200535.0899904276
2620,184264.07975287602
2621,169899.0761761301
2622,175952.782292401
2623,231908.6903305257
2624,308786.3355538875
2625,296538.64062623115
2626,169204.94624012406
2627,155543.44203587904
2628,504000.01050020737
2629,513691.0581232277
2630,378366.6751664188
2631,492564.8313401216
2632,409906.19670861564
2633,305984.3816629117
2634,444107.9719655884
2635,154833.3365545181
2636,165157.07775077687
2637,179178.3388618227
2638,260786.46348296112
2639,182636.174137858
2640,144329.01458195242
2641,99086.36376600918
2642,186369.6673597954
2643,105397.92719409226
2644,114946.6769971129
2645,108787.48942244684
2646,94324.31482319134
2647,103526.03839762055
2648,138695.9603419243
2649,151622.5818799331
2650,123635.85544865784
2651,135690.30067925304
2652,403275.9919117568
2653,245301.0575211974
2654,260429.96444674494
2655,407024.5828443488
2656,316088.1335153337
2657,359523.6420048402
2658,308505.51589519787
2659,302599.183003486
2660,367254.4934898921
2661,350738.1395086455
2662,369027.26209955616
2663,289563.31844313425
2664,272064.4176959741
2665,317562.28519048047
2666,277642.7624735669
2667,170242.06737262223
2668,175194.0980421849
2669,182865.80661636248
2670,265861.51887702814
2671,182662.42785339375
2672,193097.9766152892
2673,195829.4796869811
2674,193657.03990466445
2675,173805.25789664194
2676,187608.38312407144
2677,197751.21948461732
2678,236510.5868457595
2679,265237.1557915322
2680,283467.55231104814
2681,383118.364778649
2682,304597.5620410503
2683,502697.1391248222
2684,302921.9383275518
2685,317826.90263418626
2686,250494.27223722741
2687,304991.47032609
2688,213304.42240863104
2689,204445.8659088499
2690,413644.986365369
2691,189066.59575708373
2692,144258.35660668113
2693,201336.2928960392
2694,137730.07366319696
2695,189585.2991173949
2696,179492.12273633925
2697,183386.13149249207
2698,185475.16008633462
2699,171464.50804348377
2700,152623.03534188014
2701,142545.70888820122
2702,105674.2394139483
2703,124505.40304004453
2704,139057.59842735456
2705,110561.21791582699
2706,102428.31854415358
2707,117957.64511184736
2708,131327.9826821255
2709,101087.25888538285
2710,124097.95976761152
2711,290376.7362541305
2712,376629.3579029081
2713,168921.2081637384
2714,146548.99134958014
2715,170915.15334641523
2716,141026.7783468756
2717,196022.98255211744
2718,213298.16083278751
2719,150821.12251155038
2720,169128.61678367597
2721,129097.32119612594
2722,156958.97713060325
2723,134196.39502460742
2724,126236.18277162658
2725,125385.35953188216
2726,149616.93695754267
2727,167880.51760681006
2728,184789.83377276058
2729,147392.21372131063
2730,148795.56025887476
2731,127779.64625170572
2732,131073.97967870272
2733,160116.0476831226
2734,138786.46044705482
2735,137131.13234674078
2736,137896.9573831927
2737,119802.30568683815
2738,137428.86974590938
2739,155020.72442430674
2740,135091.4323461071
2741,144829.69384995554
2742,153501.34457508186
2743,157065.80193467438
2744,161303.60452737505
2745,137066.49495256
2746,138976.07841019574
2747,139857.90652076705
2748,118835.4112412734
2749,125789.17365058491
2750,128788.31748455034
2751,133902.17079936038
2752,190362.56665552597
2753,140271.7697012943
2754,204591.91592175604
2755,138529.73056935135
2756,94281.67212048886
2757,69803.87394003275
2758,88156.05652945087
2759,162937.1664190132
2760,122035.80378031914
2761,139217.2341795263
2762,139290.70971149846
2763,178959.95381148663
2764,142719.2622137859
2765,289215.0382345837
2766,131476.28753060603
2767,85068.53940234252
2768,126885.40933096664
2769,129025.15914373638
2770,131972.59915128566
2771,100433.30997845871
2772,107432.50816127597
2773,169400.0721964681
2774,149217.36595648358
2775,109482.37678232616
2776,139681.46396957224
2777,145075.43418359014
2778,98654.83359174684
2779,121895.42307376549
2780,94834.64469160084
2781,96507.51387386069
2782,96273.00009711302
2783,96194.06266034981
2784,117858.97335800865
2785,136220.9838736179
2786,64476.69096928221
2787,124460.12246928435
2788,74107.13753335648
2789,162169.93308538906
2790,92679.01228919858
2791,107665.58931926983
2792,62169.00810902753
2793,154224.974677421
2794,94337.23172935424
2795,118577.87812237411
2796,98604.37822406641
2797,218773.71221410384
2798,102365.76983470737
2799,109309.94231922274
2800,66150.0307931879
2801,104143.99181503187
2802,127277.82220832919
2803,170485.97833284814
2804,127937.48627673027
2805,98881.92679738352
2806,79652.44716145411
2807,161100.32325028544
2808,144077.094920445
2809,127863.52986560483
2810,120130.52834785733
2811,161399.19928662461
2812,168257.1741325396
2813,155428.9063865403
2814,155374.05226877803
2815,98793.3304012721
2816,225496.78804291884
2817,151597.4008849054
2818,130219.47893447815
2819,169144.26109437234
2820,135931.91128755503
2821,98763.8909890632
2822,186824.34069052915
2823,325246.7820887835
2824,176339.19166684555
2825,146009.20311386598
2826,135238.96030909554
2827,134937.52540925896
2828,220668.72583353447
2829,209804.89384400565
2830,231269.68115565664
2831,167814.96671928605
2832,249030.2632982543
2833,307568.45187780267
2834,226039.02672580455
2835,226762.32729033742
2836,185388.53992244828
2837,152258.57474147435
2838,151163.5549746335
2839,173169.13437513667
2840,200285.23945075448
2841,200177.86223253777
2842,234997.84932500104
2843,146344.42863018534
2844,171277.68567483462
2845,123624.01684957166
2846,204361.71638607755
2847,210856.07870495092
2848,220318.92240633754
2849,195095.49112100853
2850,266759.1382399218
2851,213435.84125986783
2852,234409.75162385684
2853,232792.38055015187
2854,134917.32872879936
2855,198308.06654839418
2856,197704.8163799773
2857,183729.91392852733
2858,204740.20398262676
2859,104970.23538445632
2860,124265.19687728492
2861,126800.60066382863
2862,186551.58834962992
2863,128876.60114060216
2864,252346.01294219363
2865,141040.35861713334
2866,141455.18890467516
2867,98010.79392106069
2868,95384.00673516035
2869,96374.7083788781
2870,116070.81213278195
2871,77494.0887757188
2872,50251.29287050455
2873,94297.86784497614
2874,141521.16654509198
2875,114973.14688705096
2876,155669.46097374923
2877,148586.4650220278
2878,158306.70520594358
2879,137625.60255669465
2880,101869.93468160146
2881,144799.72781075747
2882,183179.79996051145
2883,196883.2899992627
2884,186476.82175814273
2885,184593.9134208648
2886,234455.0261703953
2887,95387.95139183656
2888,139916.66733565633
2889,55490.02048163805
2890,79135.99116011416
2891,135326.9069479303
2892,45039.5731293521
2893,76869.50375473377
2894,53779.9776192836
2895,349867.92754107976
2896,286308.3213925682
2897,215741.7956345906
2898,145847.0747661242
2899,202534.01721709047
2900,157733.60278459414
2901,210132.1474117894
2902,176325.73195608635
2903,318709.41835447453
2904,343048.02681236825
2905,74087.39571534291
2906,187510.77698829354
2907,109900.17993575631
2908,123949.19276896425
2909,147657.37838025397
2910,75304.5447820756
2911,79159.02326858816
2912,142489.59925664205
2913,76479.52899330884
2914,77351.66632832047
2915,85552.93328071325
2916,79318.36464513867
2917,174135.82077736003
2918,116203.9293839999
2919,213060.26725906794
