Id,SalePrice
1461,110315.4912109375
1462,144471.158203125
1463,178072.20654296875
1464,195816.6953125
1465,191881.81665039062
1466,172441.1513671875
1467,183426.27392578125
1468,162291.6513671875
1469,203904.27734375
1470,115042.169921875
1471,191552.6318359375
1472,103209.08325195312
1473,90065.80578613281
1474,149012.44201660156
1475,110148.02136230469
1476,340372.41796875
1477,247665.7412109375
1478,305709.1123046875
1479,299449.95654296875
1480,435011.4091796875
1481,299328.98779296875
1482,219496.60107421875
1483,171364.595703125
1484,171323.32104492188
1485,198389.8681640625
1486,203960.396484375
1487,315038.9208984375
1488,242489.57861328125
1489,190042.56884765625
1490,239108.39697265625
1491,200633.474609375
1492,85137.9443359375
1493,219885.0966796875
1494,285579.6689453125
1495,270083.890625
1496,243657.24609375
1497,170883.53369140625
1498,164229.53564453125
1499,161191.77734375
1500,150715.1737060547
1501,193143.32641601562
1502,144252.36547851562
1503,288000.77197265625
1504,240550.93896484375
1505,219867.70361328125
1506,193867.55859375
1507,252325.7021484375
1508,198813.365234375
1509,157960.484375
1510,138110.4326171875
1511,145560.58642578125
1512,174051.76611328125
1513,155528.8369140625
1514,153869.23291015625
1515,208206.82470703125
1516,157298.7900390625
1517,169054.83740234375
1518,119848.974609375
1519,225725.203125
1520,121753.013671875
1521,120999.48388671875
1522,193215.662109375
1523,97976.86181640625
1524,122770.18017578125
1525,105202.7958984375
1526,88403.1337890625
1527,99371.7099609375
1528,139750.1611328125
1529,141122.03759765625
1530,223316.44921875
1531,138552.91064453125
1532,107037.90063476562
1533,154265.35034179688
1534,128238.2744140625
1535,143862.75146484375
1536,96308.30517578125
1537,38994.28515625
1538,165557.5634765625
1539,214352.99169921875
1540,119302.630859375
1541,143058.7607421875
1542,135243.19970703125
1543,192670.68603515625
1544,77409.5048828125
1545,125024.77612304688
1546,141969.10400390625
1547,130589.796875
1548,145013.3740234375
1549,125262.71044921875
1550,138502.79931640625
1551,113970.23828125
1552,149107.123046875
1553,161310.96826171875
1554,117454.13842773438
1555,142196.7177734375
1556,74989.0556640625
1557,97910.1533203125
1558,102520.814453125
1559,85209.11547851562
1560,127501.42700195312
1561,128799.62451171875
1562,129160.86474609375
1563,124909.8447265625
1564,152576.79248046875
1565,145377.548828125
1566,246929.65234375
1567,60252.21875
1568,230021.28515625
1569,112578.533203125
1570,144337.49609375
1571,98960.18310546875
1572,143588.1923828125
1573,250671.4033203125
1574,128924.4912109375
1575,235621.42578125
1576,246437.8740234375
1577,188921.66650390625
1578,146451.505859375
1579,130401.0859375
1580,195345.22216796875
1581,162349.732421875
1582,130043.85595703125
1583,283756.86181640625
1584,225417.0400390625
1585,140275.55102539062
1586,47989.14404296875
1587,106431.4169921875
1588,158942.3271484375
1589,100944.74560546875
1590,127891.12451171875
1591,87809.16479492188
1592,125165.142578125
1593,137494.0009765625
1594,157639.150390625
1595,112240.2802734375
1596,218796.14501953125
1597,190050.9814453125
1598,203697.439453125
1599,197616.82739257812
1600,182486.81127929688
1601,38891.376953125
1602,130321.54443359375
1603,80932.91015625
1604,272524.0510253906
1605,245359.85595703125
1606,158040.7333984375
1607,176438.14892578125
1608,215553.2529296875
1609,190227.3720703125
1610,148245.76318359375
1611,138711.6015625
1612,180224.734375
1613,168235.49609375
1614,140768.89025878906
1615,95944.17443847656
1616,66596.22924804688
1617,78974.49011230469
1618,122997.9755859375
1619,148863.8466796875
1620,177751.90185546875
1621,132433.08251953125
1622,152888.3134765625
1623,265715.50048828125
1624,213208.4091796875
1625,118713.23779296875
1626,176776.873046875
1627,185717.5673828125
1628,286029.09814453125
1629,180640.22705078125
1630,328223.81103515625
1631,218305.1865234375
1632,226797.09619140625
1633,191014.37841796875
1634,189901.7216796875
1635,177965.76708984375
1636,147737.7607421875
1637,190120.3515625
1638,188838.77783203125
1639,187164.42333984375
1640,246109.44873046875
1641,184310.07470703125
1642,252047.5224609375
1643,213463.6171875
1644,233039.70751953125
1645,208810.92919921875
1646,162825.5224609375
1647,163341.4111328125
1648,128006.8974609375
1649,127880.52587890625
1650,113416.9443359375
1651,118454.6923828125
1652,103394.44738769531
1653,102856.19604492188
1654,146061.95043945312
1655,137182.36499023438
1656,137862.2030029297
1657,148674.9930419922
1658,149297.89025878906
1659,124887.16186523438
1660,151277.11376953125
1661,389673.34765625
1662,360535.01953125
1663,356313.62109375
1664,427099.0029296875
1665,308303.20166015625
1666,311512.177734375
1667,345933.5869140625
1668,341084.91552734375
1669,312101.9296875
1670,339573.5458984375
1671,256046.3525390625
1672,384836.125
1673,283648.1826171875
1674,249577.85400390625
1675,198280.79638671875
1676,205160.15502929688
1677,208935.232421875
1678,433250.4560546875
1679,355608.8916015625
1680,322932.1435546875
1681,270075.5173339844
1682,298816.0712890625
1683,188839.83666992188
1684,180451.03271484375
1685,182921.43896484375
1686,176679.8896484375
1687,183665.00439453125
1688,196578.42333984375
1689,206705.4619140625
1690,204431.2216796875
1691,194563.64990234375
1692,272492.59814453125
1693,182303.607421875
1694,187926.771484375
1695,171622.8642578125
1696,262313.9853515625
1697,182828.7822265625
1698,316441.501953125
1699,313251.76025390625
1700,256050.31787109375
1701,268990.3583984375
1702,236903.447265625
1703,232520.29248046875
1704,269215.9775390625
1705,259115.98974609375
1706,372082.134765625
1707,216337.63134765625
1708,199485.2568359375
1709,250490.49658203125
1710,224491.08984375
1711,272787.0654296875
1712,250905.83154296875
1713,262699.1875
1714,218950.1103515625
1715,208329.421875
1716,179558.79638671875
1717,185612.63623046875
1718,141995.98046875
1719,217642.08251953125
1720,247469.30517578125
1721,168630.05224609375
1722,123475.4814453125
1723,154624.4619140625
1724,214150.8857421875
1725,241975.63671875
1726,191774.58544921875
1727,147608.2724609375
1728,179373.021484375
1729,162844.6982421875
1730,176181.2373046875
1731,121745.34765625
1732,124604.18798828125
1733,111222.83837890625
1734,117106.55908203125
1735,123661.1123046875
1736,91460.7314453125
1737,300811.375
1738,242978.2568359375
1739,264785.85400390625
1740,200549.10473632812
1741,182685.15698242188
1742,176316.0029296875
1743,180000.33325195312
1744,323458.546875
1745,215768.1689453125
1746,213690.30908203125
1747,222672.8984375
1748,224361.490234375
1749,135324.80029296875
1750,130780.91162109375
1751,250620.83740234375
1752,113185.2333984375
1753,151696.00830078125
1754,204366.1005859375
1755,166283.294921875
1756,136638.52783203125
1757,116117.1533203125
1758,150231.59814453125
1759,165677.17822265625
1760,164051.86962890625
1761,146270.4375
1762,191836.033203125
1763,178004.6572265625
1764,108610.6572265625
1765,179083.4404296875
1766,190025.23876953125
1767,225060.69140625
1768,139100.0419921875
1769,172691.5224609375
1770,160956.77978515625
1771,116606.32568359375
1772,130469.4560546875
1773,111967.78564453125
1774,156598.62109375
1775,144733.9599609375
1776,137719.83203125
1777,104290.55859375
1778,149029.7099609375
1779,132780.1357421875
1780,180006.8271484375
1781,125584.09228515625
1782,67751.732421875
1783,142512.99951171875
1784,94153.45166015625
1785,127030.818359375
1786,135570.541015625
1787,171419.83642578125
1788,32090.000732421875
1789,102199.27783203125
1790,49331.736328125
1791,212690.15087890625
1792,164066.73095703125
1793,138707.2763671875
1794,176595.88232421875
1795,128569.7568359375
1796,140476.17431640625
1797,135402.78173828125
1798,115624.94140625
1799,100966.04345703125
1800,110787.36474609375
1801,110678.3759765625
1802,135370.40234375
1803,160710.78857421875
1804,122338.986328125
1805,137915.5078125
1806,128453.67529296875
1807,160193.5947265625
1808,115796.5068359375
1809,124976.59521484375
1810,143198.4150390625
1811,83532.90283203125
1812,107116.4150390625
1813,125672.39013671875
1814,85693.70849609375
1815,31838.507080078125
1816,95372.97509765625
1817,104690.1142578125
1818,160194.4296875
1819,126360.8115234375
1820,48489.226806640625
1821,114584.53271484375
1822,156695.92919921875
1823,34574.134765625
1824,144422.67626953125
1825,139609.73999023438
1826,94898.83422851562
1827,98413.20947265625
1828,141400.29443359375
1829,152818.943359375
1830,153117.93798828125
1831,153800.751953125
1832,92588.8271484375
1833,150103.9716796875
1834,114148.31201171875
1835,111785.30029296875
1836,132501.11010742188
1837,78027.34033203125
1838,102402.28515625
1839,107069.22119140625
1840,146364.82177734375
1841,129439.818359375
1842,83738.41064453125
1843,130991.7880859375
1844,140714.7744140625
1845,139368.6650390625
1846,149730.3955078125
1847,166422.037109375
1848,34052.4072265625
1849,125035.2333984375
1850,114755.81396484375
1851,149786.2470703125
1852,122035.6025390625
1853,118570.03833007812
1854,159927.32080078125
1855,148323.7138671875
1856,228004.78564453125
1857,130736.765625
1858,149290.0400390625
1859,116271.28759765625
1860,139228.68115234375
1861,116746.88916015625
1862,309645.6796875
1863,297469.78125
1864,297483.99755859375
1865,349738.544921875
1866,334491.4345703125
1867,228442.87744140625
1868,288114.35205078125
1869,217127.11181640625
1870,227167.29638671875
1871,265780.8837890625
1872,177442.73291015625
1873,236777.6611328125
1874,147612.42822265625
1875,194397.685546875
1876,195362.109375
1877,206983.6513671875
1878,210780.18359375
1879,124105.744140625
1880,126210.28540039062
1881,245525.0517578125
1882,244875.04150390625
1883,187012.30517578125
1884,204188.0205078125
1885,235650.7197265625
1886,283153.064453125
1887,221123.81494140625
1888,262599.06787109375
1889,168437.87548828125
1890,110336.044921875
1891,127770.25341796875
1892,86423.81127929688
1893,127669.79541015625
1894,117010.0048828125
1895,138841.71923828125
1896,123101.24169921875
1897,103152.26513671875
1898,106267.4951171875
1899,156686.6298828125
1900,160643.3916015625
1901,172807.0771484375
1902,152405.05224609375
1903,229320.02783203125
1904,142209.2783203125
1905,190035.30859375
1906,156944.8115234375
1907,205602.265625
1908,115941.71203613281
1909,141779.400390625
1910,127230.63830566406
1911,215223.07958984375
1912,295761.4912109375
1913,155860.36328125
1914,58380.89501953125
1915,311034.3605957031
1916,40387.033203125
1917,248920.75341796875
1918,139011.0009765625
1919,169585.28662109375
1920,164288.48583984375
1921,354837.03369140625
1922,326076.06640625
1923,229493.45703125
1924,212884.5703125
1925,214055.22607421875
1926,363510.69873046875
1927,126565.07763671875
1928,165136.53515625
1929,117382.91552734375
1930,127425.72265625
1931,134594.2373046875
1932,133309.12353515625
1933,198055.80224609375
1934,183801.9794921875
1935,168223.95166015625
1936,200686.5234375
1937,179242.6005859375
1938,171467.30859375
1939,250402.89282226562
1940,191194.55200195312
1941,170304.853515625
1942,177361.09375
1943,214289.115234375
1944,337307.36376953125
1945,362673.18359375
1946,137333.79296875
1947,289225.83447265625
1948,173031.462890625
1949,252535.20458984375
1950,198091.9912109375
1951,255017.9931640625
1952,212691.84423828125
1953,182075.265625
1954,194793.591796875
1955,130338.06298828125
1956,304820.619140625
1957,156743.81884765625
1958,285794.3330078125
1959,144420.0830078125
1960,94289.20947265625
1961,120921.15869140625
1962,94551.24182128906
1963,111154.72814941406
1964,98983.27575683594
1965,135687.78857421875
1966,141223.8936767578
1967,294843.1240234375
1968,381906.02392578125
1969,360633.220703125
1970,374246.70263671875
1971,421713.2958984375
1972,356852.55078125
1973,286315.0771484375
1974,325626.48583984375
1975,443468.91015625
1976,279118.2001953125
1977,349586.4892578125
1978,324407.080078125
1979,315327.5517578125
1980,182945.23046875
1981,336310.8427734375
1982,220452.70947265625
1983,209525.78515625
1984,179520.86572265625
1985,233266.59692382812
1986,210701.88061523438
1987,204558.03100585938
1988,174723.701171875
1989,201064.71337890625
1990,217517.814453125
1991,225564.75
1992,237862.8779296875
1993,173038.337890625
1994,242463.62939453125
1995,185775.80419921875
1996,280932.94384765625
1997,306941.45263671875
1998,294035.79931640625
1999,281059.29345703125
2000,305680.74072265625
2001,278535.3896484375
2002,242718.5224609375
2003,248774.623046875
2004,288374.4521484375
2005,230960.21728515625
2006,221590.314453125
2007,244685.67041015625
2008,221299.02783203125
2009,205620.40234375
2010,199524.23388671875
2011,147144.119140625
2012,180729.88232421875
2013,177645.44677734375
2014,188117.943359375
2015,212376.2978515625
2016,195420.51806640625
2017,202045.14306640625
2018,115981.42431640625
2019,125648.1328125
2020,75608.9326171875
2021,93517.70751953125
2022,186058.837890625
2023,133720.466796875
2024,274978.732421875
2025,341988.8525390625
2026,176540.87451171875
2027,152552.04833984375
2028,156689.05712890625
2029,165458.8309326172
2030,261262.48974609375
2031,239173.4609375
2032,262343.8400878906
2033,253364.16748046875
2034,176407.20678710938
2035,230849.34423828125
2036,208644.09057617188
2037,214252.033203125
2038,312158.71044921875
2039,229648.20654296875
2040,328457.1162109375
2041,281149.6259765625
2042,205057.25146484375
2043,176329.091796875
2044,182432.62890625
2045,205516.5244140625
2046,137243.7998046875
2047,131418.87451171875
2048,147282.673828125
2049,135433.3876953125
2050,172157.943359375
2051,110622.1396484375
2052,118346.6748046875
2053,145353.78515625
2054,73739.79248046875
2055,159237.47802734375
2056,140004.609375
2057,100850.072265625
2058,212051.73681640625
2059,122867.296875
2060,175824.66015625
2061,173294.55712890625
2062,116359.2236328125
2063,111145.20556640625
2064,125610.75537109375
2065,122473.86376953125
2066,169985.98486328125
2067,127558.95947265625
2068,142549.873046875
2069,85884.525390625
2070,111941.99462890625
2071,87517.22778320312
2072,155002.09423828125
2073,120499.03759765625
2074,174645.24560546875
2075,159278.40185546875
2076,125838.20654296875
2077,138567.73681640625
2078,112740.60595703125
2079,138110.3017578125
2080,107981.83764648438
2081,123086.15576171875
2082,120268.6552734375
2083,155610.47705078125
2084,102375.91064453125
2085,100621.2490234375
2086,123378.88232421875
2087,116210.3291015625
2088,92257.33764648438
2089,68430.47314453125
2090,126947.55297851562
2091,83983.49365234375
2092,130852.8369140625
2093,139477.07177734375
2094,120316.32568359375
2095,141709.7412109375
2096,78168.47192382812
2097,94653.01879882812
2098,152293.71240234375
2099,24727.68310546875
2100,57201.33935546875
2101,106923.2451171875
2102,134837.80810546875
2103,87683.4365234375
2104,141892.8564453125
2105,138334.99926757812
2106,30302.94189453125
2107,200348.31689453125
2108,114050.31396484375
2109,100316.28466796875
2110,123806.083984375
2111,142630.65673828125
2112,138979.85986328125
2113,108423.22436523438
2114,106479.67822265625
2115,161530.31225585938
2116,118004.88305664062
2117,153545.29516601562
2118,131657.92919921875
2119,107477.73583984375
2120,112259.36328125
2121,78524.2783203125
2122,104647.884765625
2123,87195.568359375
2124,183308.80883789062
2125,127809.013671875
2126,149867.37109375
2127,171838.44384765625
2128,135496.37719726562
2129,94140.87133789062
2130,131675.62451171875
2131,135494.8837890625
2132,112637.43798828125
2133,122862.44189453125
2134,120678.802734375
2135,100329.439453125
2136,50848.67626953125
2137,99626.0810546875
2138,118998.021484375
2139,141055.05419921875
2140,138622.00732421875
2141,166937.68603515625
2142,128086.28369140625
2143,144993.70361328125
2144,91616.87841796875
2145,132629.359375
2146,186040.16943359375
2147,133226.82275390625
2148,146695.48779296875
2149,150096.494140625
2150,231669.85546875
2151,125060.42236328125
2152,186191.1533203125
2153,190655.3974609375
2154,105167.052734375
2155,145272.23388671875
2156,262202.62353515625
2157,229825.6279296875
2158,241213.6337890625
2159,222883.55224609375
2160,192412.05517578125
2161,242131.31103515625
2162,369661.08740234375
2163,336944.1396484375
2164,250128.03662109375
2165,203425.4111328125
2166,158955.240234375
2167,217306.375
2168,180980.72900390625
2169,198729.30126953125
2170,211047.4296875
2171,156540.365234375
2172,137063.0146484375
2173,189585.29443359375
2174,220420.6103515625
2175,276804.49169921875
2176,301254.7109375
2177,242927.9931640625
2178,215373.9619140625
2179,135444.47631835938
2180,216376.0068359375
2181,196960.09814453125
2182,222883.974609375
2183,196949.7421875
2184,123171.91796875
2185,119610.85400390625
2186,149344.21655273438
2187,155934.6669921875
2188,166276.2109375
2189,294075.126953125
2190,78244.6259765625
2191,70543.21728515625
2192,70237.45385742188
2193,123084.62158203125
2194,106740.87255859375
2195,84128.04931640625
2196,94448.4453125
2197,106974.80639648438
2198,168233.01416015625
2199,192103.84130859375
2200,146694.8291015625
2201,141236.6396484375
2202,201648.2060546875
2203,134880.04296875
2204,166323.82275390625
2205,104157.025390625
2206,143387.662109375
2207,212523.8447265625
2208,245821.07958984375
2209,223159.5234375
2210,126156.93237304688
2211,122404.37255859375
2212,118110.4013671875
2213,100988.75341796875
2214,141014.28198242188
2215,95105.88037109375
2216,147028.5654296875
2217,54457.72509765625
2218,73171.53662109375
2219,71533.81274414062
2220,57607.1416015625
2221,311604.8542480469
2222,282972.19140625
2223,297080.607421875
2224,221155.302734375
2225,130926.52392578125
2226,176470.115234375
2227,209489.97509765625
2228,284738.48828125
2229,248160.3515625
2230,147301.28662109375
2231,216279.54150390625
2232,180692.12353515625
2233,183844.923828125
2234,254920.15380859375
2235,230083.39453125
2236,252001.2353515625
2237,309040.90478515625
2238,208929.93359375
2239,109455.17724609375
2240,163230.2490234375
2241,124346.71875
2242,122683.38916015625
2243,120988.18408203125
2244,98546.7880859375
2245,107267.47338867188
2246,132240.1796875
2247,138313.89721679688
2248,128811.94946289062
2249,114845.0556640625
2250,124864.4970703125
2251,113310.669921875
2252,188074.76416015625
2253,159203.30126953125
2254,179982.10009765625
2255,191820.6630859375
2256,177926.79638671875
2257,211580.69482421875
2258,153239.44287109375
2259,174809.958984375
2260,151517.953125
2261,203641.1728515625
2262,218653.32397460938
2263,347089.01953125
2264,412404.3828125
2265,139712.837890625
2266,288054.72607421875
2267,352986.7900390625
2268,381810.6015625
2269,161254.10693359375
2270,195026.92333984375
2271,208532.12060546875
2272,210196.15087890625
2273,155540.2333984375
2274,182318.22119140625
2275,157081.234375
2276,188743.96875
2277,174906.0302734375
2278,158438.3857421875
2279,120228.8134765625
2280,106542.2783203125
2281,166344.4716796875
2282,179927.3798828125
2283,114390.61865234375
2284,113329.71496582031
2285,144502.1209716797
2286,115276.8134765625
2287,358643.427734375
2288,282294.97900390625
2289,324313.169921875
2290,399131.14990234375
2291,329892.65234375
2292,391059.5
2293,415027.30029296875
2294,368268.96435546875
2295,439427.1787109375
2296,250964.2109375
2297,348263.07958984375
2298,344101.5810546875
2299,341055.72705078125
2300,315493.85205078125
2301,319706.9697265625
2302,252520.208984375
2303,246761.28662109375
2304,245149.8203125
2305,205631.12817382812
2306,197202.5234375
2307,203483.9697265625
2308,229021.75366210938
2309,293411.88720703125
2310,219264.185546875
2311,210254.6533203125
2312,179578.8515625
2313,169338.4560546875
2314,180639.33837890625
2315,185960.88916015625
2316,208042.61669921875
2317,187493.3642578125
2318,183691.3720703125
2319,188677.62451171875
2320,184063.94482421875
2321,245710.24560546875
2322,200982.15405273438
2323,197054.2080078125
2324,194735.09765625
2325,218444.3681640625
2326,182881.609375
2327,203290.5185546875
2328,230630.1259765625
2329,192401.404296875
2330,184503.21337890625
2331,319202.45068359375
2332,374351.1484375
2333,308152.484375
2334,257437.27099609375
2335,282639.73583984375
2336,302747.90234375
2337,190121.345703125
2338,247690.32763671875
2339,231743.22216796875
2340,385035.3916015625
2341,200190.51025390625
2342,233434.9267578125
2343,228665.3349609375
2344,224031.0302734375
2345,227591.23291015625
2346,214452.27099609375
2347,193273.81689453125
2348,248105.31591796875
2349,183740.02001953125
2350,306556.810546875
2351,259938.412109375
2352,244924.1171875
2353,248542.14404296875
2354,151464.9326171875
2355,155988.69873046875
2356,152288.19482421875
2357,193048.49560546875
2358,196064.705078125
2359,124013.58837890625
2360,110357.52612304688
2361,146382.84326171875
2362,257948.9248046875
2363,147307.9453125
2364,181738.076171875
2365,221114.02563476562
2366,189001.7587890625
2367,217567.14697265625
2368,213929.08471679688
2369,208786.01879882812
2370,166083.0577392578
2371,161594.3564453125
2372,186484.91015625
2373,285026.91650390625
2374,307520.0458984375
2375,243528.44873046875
2376,286127.7958984375
2377,312567.5556640625
2378,138803.6650390625
2379,215992.77734375
2380,138761.75390625
2381,161666.29150390625
2382,217309.6337890625
2383,196652.1044921875
2384,242437.74853515625
2385,164900.24169921875
2386,127814.9873046875
2387,123735.23046875
2388,111501.34375
2389,120200.14501953125
2390,151503.1982421875
2391,142494.01953125
2392,109642.80517578125
2393,173017.6328125
2394,136956.0322265625
2395,216449.54345703125
2396,143626.63916015625
2397,212641.5380859375
2398,126133.44287109375
2399,60763.86572265625
2400,51343.97265625
2401,121051.08837890625
2402,139501.13134765625
2403,145780.046875
2404,144912.27294921875
2405,157389.83447265625
2406,141452.87841796875
2407,127936.927734375
2408,151318.6279296875
2409,110884.853515625
2410,174605.32080078125
2411,107891.44970703125
2412,155245.09912109375
2413,120215.28369140625
2414,159456.4423828125
2415,132618.9619140625
2416,133837.810546875
2417,137889.015625
2418,126620.79931640625
2419,119995.8974609375
2420,118323.28173828125
2421,137577.38427734375
2422,96940.51953125
2423,117220.32470703125
2424,145507.12353515625
2425,225777.1826171875
2426,138383.04931640625
2427,128103.9892578125
2428,189346.162109375
2429,98437.69482421875
2430,130859.21533203125
2431,100288.1171875
2432,141421.39404296875
2433,145436.052734375
2434,133802.287109375
2435,151549.86376953125
2436,100286.28662109375
2437,92680.97729492188
2438,106711.45556640625
2439,97247.84106445312
2440,129699.41723632812
2441,97692.77978515625
2442,90612.87963867188
2443,134947.49951171875
2444,116929.1005859375
2445,79578.18994140625
2446,125783.31494140625
2447,203031.20361328125
2448,132620.41650390625
2449,120080.18041992188
2450,153639.23046875
2451,115792.83813476562
2452,209062.61865234375
2453,89902.38623046875
2454,108124.83544921875
2455,131654.26318359375
2456,126849.99072265625
2457,132342.330078125
2458,131832.05444335938
2459,102766.80688476562
2460,150462.21118164062
2461,126231.13305664062
2462,129753.662109375
2463,125548.74853515625
2464,181404.50537109375
2465,139769.96826171875
2466,111936.455078125
2467,136636.1630859375
2468,78756.34716796875
2469,74361.07666015625
2470,196063.27978515625
2471,219947.45849609375
2472,178334.08642578125
2473,96463.83129882812
2474,54434.587890625
2475,215018.427734375
2476,95447.6943359375
2477,90177.53564453125
2478,142641.7568359375
2479,90026.625
2480,151078.43505859375
2481,126144.63525390625
2482,104816.45458984375
2483,98517.78955078125
2484,129594.3486328125
2485,116498.41357421875
2486,139927.67626953125
2487,183546.0185546875
2488,174893.40869140625
2489,156608.2265625
2490,134734.5986328125
2491,104663.388671875
2492,193644.501953125
2493,159027.48046875
2494,154046.6708984375
2495,71906.3349609375
2496,230820.517578125
2497,158070.65283203125
2498,103768.37280273438
2499,77945.06396484375
2500,111348.03247070312
2501,134823.5234375
2502,145901.513671875
2503,95693.75341796875
2504,178799.6044921875
2505,225247.7744140625
2506,258976.78857421875
2507,279349.6015625
2508,258205.966796875
2509,223556.1533203125
2510,218521.3896484375
2511,178445.57373046875
2512,211623.869140625
2513,229861.154296875
2514,255761.5791015625
2515,143878.7109375
2516,173923.97802734375
2517,146092.6123046875
2518,146125.65625
2519,243174.09228515625
2520,226485.5341796875
2521,189224.99560546875
2522,221517.16455078125
2523,105885.46240234375
2524,126885.533203125
2525,131426.056640625
2526,146506.40869140625
2527,116743.412109375
2528,122643.86181640625
2529,144691.056640625
2530,122063.17431640625
2531,255346.0478515625
2532,223843.12548828125
2533,201974.99609375
2534,245220.01220703125
2535,276228.26611328125
2536,232540.45703125
2537,247781.984375
2538,188947.705078125
2539,197995.052734375
2540,183873.169921875
2541,182611.521484375
2542,162559.34228515625
2543,108178.68017578125
2544,111079.74755859375
2545,133720.1630859375
2546,133651.2998046875
2547,150822.29125976562
2548,175795.9814453125
2549,154674.92333984375
2550,597901.859375
2551,136913.99584960938
2552,136424.03833007812
2553,69382.90283203125
2554,91282.24169921875
2555,106364.99951171875
2556,89220.24853515625
2557,98026.9521484375
2558,184107.3173828125
2559,136650.64404296875
2560,159795.25048828125
2561,150431.34130859375
2562,142921.1103515625
2563,147766.5263671875
2564,195312.7919921875
2565,149007.3994140625
2566,136455.71630859375
2567,114768.1923828125
2568,210712.5546875
2569,214282.57421875
2570,122540.29919433594
2571,171349.0673828125
2572,169366.21728515625
2573,216507.638671875
2574,280030.751953125
2575,143411.76220703125
2576,132321.11328125
2577,131636.07470703125
2578,71462.90161132812
2579,27494.71240234375
2580,102693.98681640625
2581,125113.01025390625
2582,136786.65209960938
2583,276520.0197753906
2584,170768.35546875
2585,188200.12060546875
2586,227413.58837890625
2587,205170.62890625
2588,128542.869140625
2589,145979.4033203125
2590,214524.7529296875
2591,241777.861328125
2592,218268.12109375
2593,263756.9560546875
2594,183323.8984375
2595,224099.8857421875
2596,303204.5693359375
2597,197792.74951171875
2598,276189.412109375
2599,338397.53125
2600,156486.08203125
2601,148135.5595703125
2602,66575.16760253906
2603,86079.74926757812
2604,82281.48706054688
2605,62824.57080078125
2606,139359.11572265625
2607,225508.3759765625
2608,208113.810546875
2609,169308.748046875
2610,111768.26708984375
2611,122498.2998046875
2612,153455.62158203125
2613,128684.7509765625
2614,112891.880859375
2615,161571.17431640625
2616,155566.265625
2617,200692.013671875
2618,237451.087890625
2619,210880.93603515625
2620,195169.2841796875
2621,173930.744140625
2622,185154.01953125
2623,237588.83349609375
2624,296326.9853515625
2625,256480.0830078125
2626,174670.900390625
2627,163479.56201171875
2628,423011.05078125
2629,453289.8857421875
2630,357277.55078125
2631,415710.4609375
2632,380097.17578125
2633,288683.3056640625
2634,375124.4365234375
2635,154169.49609375
2636,174876.9794921875
2637,203432.19677734375
2638,258500.31689453125
2639,185421.25341796875
2640,151026.14599609375
2641,95170.5703125
2642,183635.34716796875
2643,108691.091796875
2644,111653.69262695312
2645,108951.87890625
2646,95228.57763671875
2647,109450.31481933594
2648,133804.3544921875
2649,157467.61474609375
2650,139374.26794433594
2651,134075.32836914062
2652,366644.443359375
2653,248834.0771484375
2654,255492.06005859375
2655,382047.427734375
2656,320013.1513671875
2657,337694.8974609375
2658,309619.94384765625
2659,315712.3486328125
2660,345150.515625
2661,338129.6806640625
2662,355814.8232421875
2663,266024.85498046875
2664,284900.8942871094
2665,340637.41064453125
2666,291947.1203613281
2667,177702.2421875
2668,186260.33251953125
2669,184606.70458984375
2670,276967.931640625
2671,194479.56494140625
2672,202683.68432617188
2673,201147.30249023438
2674,197573.72509765625
2675,188008.74096679688
2676,201533.88037109375
2677,201975.931640625
2678,254962.4912109375
2679,275721.2978515625
2680,282095.83935546875
2681,388147.96875
2682,312410.35595703125
2683,456754.197265625
2684,312732.7041015625
2685,316636.4501953125
2686,249408.93896484375
2687,292113.4345703125
2688,208319.3720703125
2689,212461.34130859375
2690,349291.34326171875
2691,185876.3779296875
2692,158631.39208984375
2693,202535.4658203125
2694,147098.69091796875
2695,198107.80859375
2696,183790.89013671875
2697,184757.6845703125
2698,202903.7138671875
2699,165467.3779296875
2700,145512.24560546875
2701,148820.2412109375
2702,109116.79296875
2703,139112.3203125
2704,150494.6787109375
2705,105356.83544921875
2706,93678.67919921875
2707,123033.341796875
2708,125186.61181640625
2709,113424.99462890625
2710,127028.146484375
2711,267738.25048828125
2712,372447.609375
2713,164826.484375
2714,144873.77172851562
2715,165802.9638671875
2716,134570.37451171875
2717,180434.05224609375
2718,212240.7314453125
2719,122067.45947265625
2720,185137.02099609375
2721,119558.517578125
2722,158537.39111328125
2723,148172.5390625
2724,107879.00830078125
2725,119982.15185546875
2726,131144.61865234375
2727,157134.306640625
2728,185683.09716796875
2729,142036.9521484375
2730,139633.552734375
2731,136887.52783203125
2732,130259.88330078125
2733,165200.8896484375
2734,145410.17919921875
2735,126581.41064453125
2736,134745.86279296875
2737,114514.89111328125
2738,127421.740234375
2739,145539.2568359375
2740,139071.55126953125
2741,135334.88427734375
2742,166795.48193359375
2743,144908.5400390625
2744,166416.99658203125
2745,144478.8408203125
2746,131294.796875
2747,166584.82666015625
2748,116447.8505859375
2749,134217.11962890625
2750,109579.8564453125
2751,129793.263671875
2752,212542.6279296875
2753,159613.48486328125
2754,225515.9765625
2755,140668.3212890625
2756,79069.34326171875
2757,61780.80859375
2758,83428.9365234375
2759,169410.2080078125
2760,125966.77587890625
2761,136015.04638671875
2762,131702.90478515625
2763,187190.49951171875
2764,165793.5986328125
2765,276485.5556640625
2766,124254.35498046875
2767,73846.54736328125
2768,122526.39013671875
2769,132512.97265625
2770,146853.30908203125
2771,95889.1083984375
2772,87357.39672851562
2773,173415.00146484375
2774,141160.76708984375
2775,117703.64135742188
2776,141724.3037109375
2777,150274.8349609375
2778,120673.98022460938
2779,119352.71484375
2780,99388.53515625
2781,81154.19409179688
2782,84281.75634765625
2783,89377.2880859375
2784,111713.16845703125
2785,136127.07421875
2786,42345.73193359375
2787,122239.2998046875
2788,54017.69140625
2789,174116.76489257812
2790,106962.71752929688
2791,101407.39453125
2792,60048.671875
2793,157945.494140625
2794,81222.86669921875
2795,115704.25830078125
2796,92200.7548828125
2797,196513.3359375
2798,118255.84619140625
2799,110400.6171875
2800,67660.8447265625
2801,111465.1962890625
2802,115378.298828125
2803,149482.58935546875
2804,139179.9306640625
2805,108879.5869140625
2806,71497.58325195312
2807,171796.84521484375
2808,157761.39892578125
2809,121533.349609375
2810,120378.39404296875
2811,175221.26220703125
2812,178030.56982421875
2813,151095.45263671875
2814,147704.78271484375
2815,100849.59375
2816,223886.7158203125
2817,159316.45947265625
2818,118068.3896484375
2819,188622.70483398438
2820,131971.28564453125
2821,108130.509765625
2822,190023.41015625
2823,311148.3046875
2824,171064.0751953125
2825,164549.310546875
2826,129933.0107421875
2827,130379.8056640625
2828,233371.3955078125
2829,220736.1298828125
2830,215921.35302734375
2831,194976.77197265625
2832,232656.64306640625
2833,305573.8701171875
2834,226669.40380859375
2835,227381.43310546875
2836,202143.70556640625
2837,156589.51025390625
2838,132358.31884765625
2839,161998.904296875
2840,203488.23779296875
2841,205694.43798828125
2842,230209.693359375
2843,151499.8408203125
2844,175716.2763671875
2845,121190.509765625
2846,212416.32568359375
2847,213118.451171875
2848,213958.78076171875
2849,198090.2958984375
2850,279571.158203125
2851,209206.6103515625
2852,227089.36376953125
2853,230884.119140625
2854,144961.43115234375
2855,202671.9794921875
2856,205450.06103515625
2857,193030.72119140625
2858,215689.3203125
2859,78121.73046875
2860,130979.0791015625
2861,122221.2158203125
2862,201443.6396484375
2863,144973.80126953125
2864,254088.0029296875
2865,139447.64013671875
2866,153478.55615234375
2867,86968.93896484375
2868,95186.64990234375
2869,89071.06689453125
2870,123450.205078125
2871,75813.8486328125
2872,4388.81640625
2873,82860.8466796875
2874,142846.248046875
2875,100303.173828125
2876,172567.89990234375
2877,147314.99584960938
2878,159685.28955078125
2879,122461.8115234375
2880,98707.71948242188
2881,139301.7548828125
2882,172971.66162109375
2883,191454.3564453125
2884,199245.29248046875
2885,178484.47119140625
2886,226823.7333984375
2887,104555.455078125
2888,152677.517578125
2889,44398.169921875
2890,71713.00805664062
2891,137635.5029296875
2892,36062.09765625
2893,90234.05029296875
2894,47954.60107421875
2895,327205.0954589844
2896,279501.0876464844
2897,219758.0244140625
2898,156269.373046875
2899,221954.3876953125
2900,147543.2724609375
2901,218374.17578125
2902,189933.2802734375
2903,309301.83935546875
2904,333628.654296875
2905,56070.248046875
2906,209119.5732421875
2907,106824.78686523438
2908,118427.494140625
2909,153047.9921875
2910,69148.13793945312
2911,64951.488525390625
2912,152579.88330078125
2913,64687.680419921875
2914,65177.88049316406
2915,77732.92297363281
2916,68801.58935546875
2917,157368.6005859375
2918,112286.13232421875
2919,234049.9345703125
