Id,SalePrice
1461,11.669865977126026
1462,11.866636307535662
1463,12.060028184774236
1464,12.20028229281487
1465,12.177041280074574
1466,12.038461786821726
1467,12.12378507170892
1468,11.996163932218801
1469,12.167718116169366
1470,11.678085931994435
1471,12.137992518711519
1472,11.538389906751455
1473,11.474824044726683
1474,11.896192818047007
1475,11.67186744178884
1476,12.76920752021063
1477,12.39295682947821
1478,12.561361902726263
1479,12.568857028371037
1480,13.117173233936933
1481,12.686493389999715
1482,12.259826359771031
1483,12.037451526833774
1484,12.02213490115937
1485,12.150154782151626
1486,12.165703877374856
1487,12.701870689563007
1488,12.370201769599833
1489,12.135078254226768
1490,12.359472769466814
1491,12.156944135453681
1492,11.410228923451827
1493,12.14427550892677
1494,12.555716813427713
1495,12.536333442167143
1496,12.363167648227659
1497,12.090250972773804
1498,12.057218546005311
1499,11.988970398392187
1500,11.956787322494193
1501,12.051007017232445
1502,11.963193218306003
1503,12.546123332186541
1504,12.417262954053806
1505,12.333079730732818
1506,12.145574762381678
1507,12.449725959367845
1508,12.16886581376507
1509,11.972954171612868
1510,11.864915280657431
1511,11.921498194077921
1512,12.060093665645866
1513,11.911704615927297
1514,11.91221844953743
1515,12.142801932199431
1516,11.907197715337496
1517,12.045258024149442
1518,11.770407382400272
1519,12.25632952348962
1520,11.737446746219291
1521,11.746275017414819
1522,12.050122335399898
1523,11.60735691495207
1524,11.685909936072122
1525,11.683409123663527
1526,11.567467340558046
1527,11.601599031741006
1528,11.84950466707095
1529,11.88903005641751
1530,12.22299597883595
1531,11.605735462460087
1532,11.510998756252494
1533,11.870093474134887
1534,11.738958596054815
1535,11.844834741063062
1536,11.585524551054318
1537,11.029743535978715
1538,11.856681570391892
1539,12.109826906200258
1540,11.400582539460666
1541,11.767083078198699
1542,11.794959293725352
1543,12.06006733540081
1544,11.395355933016736
1545,11.630126010957916
1546,11.79971233841113
1547,11.707952637600817
1548,11.816317960488295
1549,11.71985585328149
1550,11.764508276150934
1551,11.590568629580655
1552,11.826000087747396
1553,11.816807499544858
1554,11.694087273686609
1555,11.904725309759911
1556,11.391447014097375
1557,11.495394950306714
1558,11.54526272617264
1559,11.014804632700502
1560,11.783331022714359
1561,11.662085290973803
1562,11.796330089975243
1563,11.690823939271269
1564,11.943919734175955
1565,11.847766369577279
1566,12.349488794258901
1567,11.283370836150707
1568,12.368865592078206
1569,11.697878015723814
1570,11.848760154595842
1571,11.652505693256561
1572,11.848066977004402
1573,12.305677109187899
1574,11.673020021774438
1575,12.310314525215059
1576,12.431372781227166
1577,12.092397613240653
1578,11.867406671399676
1579,11.825557886602102
1580,12.179285819950886
1581,11.956086729984648
1582,11.746368420359419
1583,12.575429478991197
1584,12.308275918793916
1585,11.82678023818534
1586,11.211891748718868
1587,11.541466442870341
1588,11.94381307505911
1589,11.452721469943706
1590,11.802990123304316
1591,11.402323722383626
1592,11.623303462775233
1593,11.774384544800348
1594,11.787246509005515
1595,11.552681983777973
1596,12.298614177479385
1597,12.160132690691903
1598,12.31374240403459
1599,12.033085153023665
1600,11.960324726586945
1601,11.175746978056532
1602,11.652388376051427
1603,11.183948407663589
1604,12.453994228778237
1605,12.389444741874517
1606,12.027373816056224
1607,12.096582895500209
1608,12.25882447353781
1609,12.084800554559921
1610,11.891935930151462
1611,11.806792103057722
1612,12.035170894031694
1613,12.023227568010991
1614,11.744625220103746
1615,11.421485077102329
1616,11.268228609733576
1617,11.46659956675752
1618,11.766388773994704
1619,11.877203886279162
1620,11.977666895209993
1621,11.786686885093738
1622,11.898431405673291
1623,12.442675685709949
1624,12.235587551494556
1625,11.681372801084482
1626,12.048122776450548
1627,12.149749744905408
1628,12.540737288881562
1629,12.086894785131866
1630,12.769161942577707
1631,12.2965410658825
1632,12.352625985133807
1633,12.080788571780936
1634,12.127735033432629
1635,12.065451734285434
1636,11.94802778778187
1637,12.194639083531452
1638,12.076674664414432
1639,12.152813467744043
1640,12.435259587224959
1641,12.088024667815466
1642,12.39327269914598
1643,12.264868598486343
1644,12.35944517469639
1645,12.262342393601214
1646,11.990702748973465
1647,11.96649500941767
1648,11.775607873952342
1649,11.857766779821848
1650,11.652898331170498
1651,11.720338221891357
1652,11.52977363900419
1653,11.554367875933277
1654,11.899829856083484
1655,11.821041233274904
1656,11.838389191320168
1657,11.897341178211715
1658,11.898029223038648
1659,11.750745973270273
1660,11.946850384074061
1661,12.929778695495939
1662,12.910113478106586
1663,12.80499347706236
1664,13.141541409420473
1665,12.613934696320186
1666,12.681833701046502
1667,12.860082050479255
1668,12.759421277846478
1669,12.615722726954669
1670,12.728846302249863
1671,12.466608537882628
1672,12.97199162118868
1673,12.57033326337561
1674,12.388724524592321
1675,12.1691488996103
1676,12.15725140321865
1677,12.266252539341933
1678,13.025752613261796
1679,12.861160580092747
1680,12.664140024363961
1681,12.394011392904382
1682,12.653808336895628
1683,12.154216327483395
1684,12.05965543920021
1685,12.063480892302758
1686,12.061333313715584
1687,12.063709349602199
1688,12.141857248684778
1689,12.177016698354832
1690,12.198317014484592
1691,12.151558606594348
1692,12.459916210288592
1693,12.006000969042773
1694,12.121623854995198
1695,12.046455078458852
1696,12.475553718459913
1697,12.084633145930246
1698,12.734926350925738
1699,12.646204681825928
1700,12.43868560590404
1701,12.481999380109947
1702,12.35274950004554
1703,12.362375106853733
1704,12.522189273340794
1705,12.384465302829042
1706,12.584005617173126
1707,12.233304522039644
1708,12.200360153741666
1709,12.465340834765113
1710,12.29678593040316
1711,12.500193124900127
1712,12.435780663727765
1713,12.517381774469397
1714,12.297283391283827
1715,12.236099685891716
1716,12.094371971981786
1717,12.083930930672947
1718,11.793328113229617
1719,12.22537577489199
1720,12.37639488884492
1721,11.983577957478637
1722,11.694005290248084
1723,11.928381913484742
1724,12.206045122928407
1725,12.383343749727098
1726,12.112551252708796
1727,11.892867273873378
1728,12.07529958376045
1729,12.011175015765213
1730,12.002204309052281
1731,11.698171839011787
1732,11.763783239463134
1733,11.63436515875074
1734,11.698851649797211
1735,11.776061329587248
1736,11.612659778310796
1737,12.608259341926619
1738,12.393078706969352
1739,12.465623632687725
1740,12.244179585800122
1741,12.137917705455838
1742,12.035832029743126
1743,12.102818096028438
1744,12.64570338242887
1745,12.24495283259639
1746,12.13354469165822
1747,12.24449693068624
1748,12.335584127379096
1749,11.851954205416941
1750,11.709949330355201
1751,12.445948473938051
1752,11.681742761280997
1753,11.90140516414648
1754,12.185850130145889
1755,11.950742854142408
1756,11.792065838590284
1757,11.709366273586102
1758,11.874615722784366
1759,11.918305900658808
1760,12.00619872339719
1761,11.847578750952664
1762,12.097730616949969
1763,12.094337875655697
1764,11.62805970991141
1765,12.002802276482761
1766,12.180953394342698
1767,12.309910809408187
1768,11.847014588577451
1769,12.035489201797851
1770,11.960988545668611
1771,11.698829811354585
1772,11.756246100490962
1773,11.739201039108721
1774,11.856333616960358
1775,11.883077871536416
1776,11.750059286902022
1777,11.602939438828555
1778,11.844193692206826
1779,11.700014932006013
1780,12.063646655675964
1781,11.717321075608382
1782,11.421450679175205
1783,11.862350233838805
1784,11.587417677609064
1785,11.725199796534707
1786,11.897559336708273
1787,12.011507786484735
1788,11.11035278179606
1789,11.531248184670474
1790,11.316630217466768
1791,12.191212177133917
1792,11.958306220995055
1793,11.76304027245119
1794,11.97238688856343
1795,11.759152638825297
1796,11.790869137446224
1797,11.669844328278701
1798,11.71545224448921
1799,11.610862200988098
1800,11.737530239185894
1801,11.725236499099724
1802,11.845852978589319
1803,11.904271888071184
1804,11.820379263867311
1805,11.844746945849971
1806,11.758345143258467
1807,11.799688137019093
1808,11.675644365542848
1809,11.663025315268646
1810,11.780322026131238
1811,11.351591193928355
1812,11.446159658257056
1813,11.681053187091292
1814,11.48820909832046
1815,11.021731631927267
1816,11.532529277542048
1817,11.509648753299295
1818,11.811982930312272
1819,11.78385616540553
1820,10.940863247864758
1821,11.690531413771104
1822,11.916690151486154
1823,10.68921482352133
1824,11.744754237553204
1825,11.834980775331648
1826,11.550717861288938
1827,11.495519858973841
1828,11.775102271324139
1829,11.736921966807452
1830,11.814486930090558
1831,11.819900048481978
1832,11.25071527474642
1833,11.83144041143697
1834,11.666166769317456
1835,11.610594124217913
1836,11.706615768494348
1837,11.342985587410801
1838,11.665442446452566
1839,11.624162415401878
1840,11.783657445022861
1841,11.7794487916393
1842,11.45012101154798
1843,11.747472052707739
1844,11.872921443550878
1845,11.855657472286843
1846,11.928219751336862
1847,11.985070685968916
1848,10.953163758596084
1849,11.598292351269134
1850,11.641794819885755
1851,11.856036797229216
1852,11.741315034010052
1853,11.69674899834789
1854,11.950044616572107
1855,11.846337361326892
1856,12.31932670294225
1857,11.76650311198987
1858,11.83210332035689
1859,11.677055612319242
1860,11.864418176838086
1861,11.677291915528132
1862,12.727576764083729
1863,12.671996756330948
1864,12.672048152723614
1865,12.709158744917353
1866,12.685425659683519
1867,12.318021291833418
1868,12.52658541899158
1869,12.232797124698
1870,12.299179159037203
1871,12.42877856890994
1872,12.052554583460614
1873,12.359940241722937
1874,11.9544491487596
1875,12.152934368456405
1876,12.20521805728976
1877,12.227613862053015
1878,12.22832424359064
1879,11.746791989904137
1880,11.796800650799055
1881,12.393380638472118
1882,12.383714445666472
1883,12.11589305640744
1884,12.19692923709099
1885,12.321824380567346
1886,12.525398842792264
1887,12.266202719741067
1888,12.4993658598125
1889,12.023139856809722
1890,11.6412609737295
1891,11.771115037969855
1892,11.472036348186652
1893,11.72052107883302
1894,11.677374465165641
1895,11.735977381458175
1896,11.708375363985555
1897,11.649163656834544
1898,11.613778628323777
1899,12.022910949530154
1900,11.989666276983126
1901,12.021842272975327
1902,11.929878293310033
1903,12.350166909704395
1904,11.889876341958447
1905,12.211105558171598
1906,11.924089469715586
1907,12.186887079445267
1908,11.650607578588469
1909,11.839872848876379
1910,11.724301647913602
1911,12.298058339048684
1912,12.698509308692072
1913,11.853416246477856
1914,11.028339795926904
1915,12.579289787446363
1916,11.102382396317951
1917,12.360562505444435
1918,11.872190902096323
1919,12.039650834245412
1920,11.929681949445797
1921,12.770779878387062
1922,12.598339482949298
1923,12.36285029675297
1924,12.311173963753877
1925,12.165656936669395
1926,12.770549651966396
1927,11.765912047179459
1928,11.943987896331143
1929,11.712636652821617
1930,11.762445043000204
1931,11.843567034534791
1932,11.814017767765693
1933,12.128112764796441
1934,12.102484296659224
1935,12.031612011229862
1936,12.155797750519307
1937,12.087172502347522
1938,11.998903542524387
1939,12.363098945194801
1940,12.15817787676123
1941,12.03160320228155
1942,12.068331823409187
1943,12.28675515368602
1944,12.801967445760365
1945,12.847792799566786
1946,11.754186750629527
1947,12.246053018391478
1948,11.995455633264205
1949,12.376595015091285
1950,12.14262996799388
1951,12.359125282693935
1952,12.224925402946422
1953,12.004912274777459
1954,12.102791926852081
1955,11.796655448745403
1956,12.687447893719316
1957,11.905872806478394
1958,12.608772820096151
1959,11.88432207529463
1960,11.64291494261104
1961,11.720329980521376
1962,11.504644767045123
1963,11.594236856818625
1964,11.546966363353413
1965,11.886932608642242
1966,11.816542826460323
1967,12.55754135372789
1968,12.963365309303356
1969,12.8155706246152
1970,12.92902406300055
1971,13.079107440671129
1972,12.820723713533138
1973,12.51392277504795
1974,12.724783010171894
1975,13.160146294463273
1976,12.512322262829029
1977,12.776000519994572
1978,12.762913386276866
1979,12.649140708557269
1980,12.190649905857118
1981,12.704213675266221
1982,12.298978518301455
1983,12.239611556043787
1984,12.053701274615381
1985,12.337613198078284
1986,12.222299235728222
1987,12.152853670498898
1988,12.064910238381975
1989,12.15616903134164
1990,12.24202387025263
1991,12.336945632111442
1992,12.272914025173524
1993,12.029038611905333
1994,12.319215175795792
1995,12.113299693651895
1996,12.393817046295553
1997,12.61680153208832
1998,12.581066294459484
1999,12.534247040122619
2000,12.671860451611439
2001,12.527001671805897
2002,12.348386754345407
2003,12.421011748086409
2004,12.558512478909787
2005,12.301224790355173
2006,12.296763776272485
2007,12.408522788166831
2008,12.249252374702012
2009,12.17416292937946
2010,12.161776812222085
2011,11.818790794698497
2012,12.051666393329862
2013,12.057828181061605
2014,12.09223337048263
2015,12.197947185906667
2016,12.144950775485404
2017,12.138147311059896
2018,11.702607448953932
2019,11.810027761320837
2020,11.513557112816015
2021,11.540742713214183
2022,12.053441959598814
2023,11.811488607241426
2024,12.530711616393615
2025,12.794978381162336
2026,12.085755231095588
2027,12.00278474326773
2028,11.930751952571953
2029,12.010585605822188
2030,12.476977871961967
2031,12.361097232936642
2032,12.43305350465117
2033,12.435830715152019
2034,12.070881931674679
2035,12.31007290197665
2036,12.202787930680845
2037,12.25167581592999
2038,12.72523362119181
2039,12.295436145387587
2040,12.53290551244334
2041,12.528459071910223
2042,12.246240277458828
2043,12.083911736193333
2044,12.070816477311048
2045,12.264207526500606
2046,11.893368604908494
2047,11.845693671680305
2048,11.868949247861636
2049,11.87760339518753
2050,12.027324529549748
2051,11.585210491243302
2052,11.71462901704893
2053,11.902955675928245
2054,11.476496243426594
2055,11.89424991550721
2056,11.90101001944885
2057,11.614398417022915
2058,12.230285322542812
2059,11.75238509337707
2060,12.065012283234648
2061,12.051808296460633
2062,11.73591688329503
2063,11.66990018154442
2064,11.787928195010542
2065,11.633618029091942
2066,11.963854937772798
2067,11.645148393489169
2068,11.87074963807486
2069,11.39042595612555
2070,11.682964793149079
2071,11.561354417166175
2072,11.842122588302411
2073,11.766428008337702
2074,12.106900212697314
2075,11.89423203494493
2076,11.679229205506624
2077,11.928122224090977
2078,11.717332942798503
2079,11.778984867953621
2080,11.67241039902833
2081,11.74765277598777
2082,11.651242832177862
2083,11.86661152736945
2084,11.626075957975058
2085,11.64165298704463
2086,11.607572704772839
2087,11.692074951685264
2088,11.470842871368877
2089,11.34557198509184
2090,11.72083185788581
2091,11.50008991953223
2092,11.671255265985794
2093,11.597779174878914
2094,11.590735767298385
2095,11.866306868266452
2096,11.35836336685012
2097,11.507030900390665
2098,11.86588785442139
2099,11.014409578625724
2100,11.12434871343537
2101,11.573713469522339
2102,11.74773556873068
2103,11.5585669333933
2104,11.834117807792332
2105,11.720426083660044
2106,11.033415739046283
2107,12.12071187925366
2108,11.633067466722265
2109,11.572527910836406
2110,11.705762237355538
2111,11.763162969493086
2112,11.79417469451023
2113,11.662422628861165
2114,11.666671868554445
2115,11.944727257144226
2116,11.656575741302024
2117,11.85519284542664
2118,11.714817503752036
2119,11.636668581903294
2120,11.667590953521332
2121,11.402779767117726
2122,11.662003820764056
2123,11.378570799162551
2124,11.922551886024747
2125,11.693291734204355
2126,11.88017065892592
2127,12.017815383462079
2128,11.74073876203226
2129,11.453163169437081
2130,11.741257326426341
2131,11.847047476742077
2132,11.57696664638108
2133,11.699170311504538
2134,11.713463660343525
2135,11.51206757376264
2136,11.179305788658757
2137,11.522652612247997
2138,11.696521723071495
2139,11.909179405921684
2140,11.846933666810097
2141,12.038932327661932
2142,11.723644252406261
2143,11.906133525760616
2144,11.668958515990042
2145,11.849371341622833
2146,12.031200566642108
2147,11.76049449125709
2148,11.813774381808294
2149,11.917484875654427
2150,12.327520261255795
2151,11.729611734434183
2152,11.965883854257406
2153,12.04950273802063
2154,11.491444267080938
2155,11.845168708589702
2156,12.462895336778201
2157,12.333011778240708
2158,12.377120558671619
2159,12.260744075175056
2160,12.10247354693979
2161,12.35773000455767
2162,12.867383202947323
2163,12.675242631707253
2164,12.40983487672975
2165,12.1965218297358
2166,11.991102586410308
2167,12.293367703123026
2168,12.116770736641856
2169,12.154645161183256
2170,12.23434283198393
2171,11.962440426723875
2172,11.757060269493316
2173,12.066438085133008
2174,12.294809057517096
2175,12.56305565088448
2176,12.617008525254873
2177,12.37772675588186
2178,12.242147154750759
2179,11.821355999132994
2180,12.206275023793774
2181,12.141328983590416
2182,12.290293183397766
2183,12.141435280768405
2184,11.661927898035056
2185,11.70738563751536
2186,11.883338671858054
2187,11.95210305548898
2188,11.950549086566035
2189,12.593444214862476
2190,11.2652924906221
2191,11.271214619215115
2192,11.316812905842065
2193,11.593851138050265
2194,11.537768095455638
2195,11.502437365206662
2196,11.470357850037534
2197,11.698081582987825
2198,11.974780020989135
2199,12.124092768747683
2200,11.89633189473372
2201,11.909283666441638
2202,12.270151126671697
2203,11.831967561362834
2204,12.050504099226305
2205,11.665130018760863
2206,11.841878331744283
2207,12.312715973073601
2208,12.491677710081667
2209,12.372570145010416
2210,11.726580558046212
2211,11.668506928797422
2212,11.712593797526143
2213,11.527196714359551
2214,11.774794830588903
2215,11.533834599233387
2216,11.841073220865185
2217,11.08898609826259
2218,11.1112111414647
2219,11.124983245662591
2220,11.07387376894854
2221,12.58258654924239
2222,12.499908945858087
2223,12.512788333885185
2224,12.264750795949944
2225,11.710302433359576
2226,12.091903160519353
2227,12.1641090545594
2228,12.457549120572693
2229,12.402475109472382
2230,11.899627213160993
2231,12.209631657968345
2232,12.08248698573398
2233,12.026121073441
2234,12.369599385544012
2235,12.264480755347348
2236,12.430537403834213
2237,12.612594138625022
2238,12.189616185816966
2239,11.57375128770108
2240,11.927717096050683
2241,11.886564570913851
2242,11.679004152440482
2243,11.750381752851592
2244,11.529516686869076
2245,11.528024588761065
2246,11.798393460603105
2247,11.65934361573406
2248,11.741711749649406
2249,11.712411270653531
2250,11.766187764916006
2251,11.515392110163448
2252,12.09229901439613
2253,11.953177856259533
2254,12.091914087967671
2255,12.110117390894107
2256,12.040114516004621
2257,12.271084555785283
2258,11.96253074068234
2259,12.084513626791681
2260,11.963867976219662
2261,12.183986810998404
2262,12.261596804016316
2263,12.830348818710908
2264,13.092047318720248
2265,11.99041037440444
2266,12.598670497879322
2267,12.790929644199608
2268,12.936884302846376
2269,11.923815045412642
2270,12.1816065373509
2271,12.24833121670337
2272,12.16240918751946
2273,11.980172446417667
2274,12.100764273535267
2275,11.93345708963855
2276,12.143773553820523
2277,12.076304964711685
2278,11.893028192151043
2279,11.76514313322168
2280,11.628567430450389
2281,12.017040204049627
2282,12.097796307976537
2283,11.599517504900529
2284,11.635031109617078
2285,11.844666235400627
2286,11.719277958413029
2287,12.79980927471086
2288,12.498953119553969
2289,12.789817855757187
2290,13.021194801304377
2291,12.721462387350314
2292,12.980377347843355
2293,13.055735856786168
2294,12.9218401643247
2295,13.090603254159948
2296,12.505428228084538
2297,12.740387376120415
2298,12.714396822990295
2299,12.807870104016036
2300,12.710777002639407
2301,12.646505005187306
2302,12.430725810827385
2303,12.417206859382318
2304,12.406143854000879
2305,12.172426059520156
2306,12.143534764175616
2307,12.201306875673215
2308,12.320343558459166
2309,12.527085237231834
2310,12.267670449813325
2311,12.255170776553342
2312,12.007057335273268
2313,12.016554271912286
2314,12.02374843451535
2315,12.101077232173356
2316,12.17976241086316
2317,12.126977445360215
2318,12.071536778179068
2319,12.10886542821083
2320,12.129308972672288
2321,12.389728745720927
2322,12.13775087645153
2323,12.142294364457506
2324,12.137886836053053
2325,12.249160125259376
2326,12.078145729291961
2327,12.208764475016691
2328,12.299617465103166
2329,12.167949957041378
2330,12.129880038054498
2331,12.702699144295726
2332,12.912742114421466
2333,12.681472666405277
2334,12.408660411798852
2335,12.530676119239681
2336,12.606233353424777
2337,12.167658196882973
2338,12.454064237417882
2339,12.30766827461338
2340,12.837856120306053
2341,12.257387311421432
2342,12.366798147281447
2343,12.35019839348556
2344,12.298228450586503
2345,12.337708110298633
2346,12.266282061332229
2347,12.178938188448022
2348,12.389864954685159
2349,12.066153553106266
2350,12.636629182426919
2351,12.404440574810051
2352,12.39441218562965
2353,12.394842647709398
2354,11.829396108650286
2355,11.845608508831189
2356,11.902613875344608
2357,12.131954336596584
2358,12.144666790991247
2359,11.792982178281443
2360,11.671960503695315
2361,11.891133669226235
2362,12.419301627132352
2363,11.847136700128669
2364,11.992811621493292
2365,12.306884531673091
2366,12.179662216465978
2367,12.295814345538627
2368,12.27550206822059
2369,12.25321171805831
2370,12.029941274791744
2371,11.980708821679322
2372,12.142392645642701
2373,12.539301948702182
2374,12.662121741656824
2375,12.397712041268582
2376,12.519513992202077
2377,12.698329412168926
2378,11.912293976434553
2379,12.227167207166321
2380,11.89427820962649
2381,12.037046109606539
2382,12.266111746921577
2383,12.212869103678033
2384,12.408957043215922
2385,12.005750012317487
2386,11.793227202593545
2387,11.792790217017993
2388,11.558848420727783
2389,11.629837345452525
2390,11.881940581386782
2391,11.890598161171628
2392,11.646711440254439
2393,12.037963618214071
2394,11.854497199841223
2395,12.270289061160362
2396,11.856126580648123
2397,12.270398216770584
2398,11.805016228396248
2399,11.146972248086655
2400,11.206868595128114
2401,11.754751948913093
2402,11.800547746797106
2403,11.89083809392465
2404,11.894029764534817
2405,11.9669035548529
2406,11.881273428443874
2407,11.747748567977254
2408,11.930831745852192
2409,11.696451687275864
2410,11.993773787169784
2411,11.622334457574922
2412,11.943367551783789
2413,11.744371000955748
2414,11.928121729478192
2415,11.782066965892135
2416,11.728106244900216
2417,11.79191929034285
2418,11.804376667593182
2419,11.73119576418666
2420,11.6971054264049
2421,11.8192532576432
2422,11.545505548594619
2423,11.572245550255806
2424,11.987258078107542
2425,12.21462601494468
2426,11.735651512292737
2427,11.712673503071432
2428,12.07086714052361
2429,11.631966646020558
2430,11.796349555320795
2431,11.588307412691233
2432,11.918780263091655
2433,11.908432562225059
2434,11.825267250813397
2435,11.899272497894257
2436,11.614761209549162
2437,11.526201232700851
2438,11.731545714663753
2439,11.524789046174565
2440,11.733374278197736
2441,11.447070055725197
2442,11.52071683200843
2443,11.732876668516973
2444,11.765650026692676
2445,11.409026419713287
2446,11.7596317974503
2447,12.033784050312594
2448,11.69232281708035
2449,11.646984903588443
2450,11.894238002903824
2451,11.670817190203932
2452,12.139871926259346
2453,11.449682963635126
2454,11.641036064637607
2455,11.687639215569718
2456,11.725063943104121
2457,11.801259289884628
2458,11.749448578644683
2459,11.581156774867884
2460,11.851188023553604
2461,11.744722469065222
2462,11.768826635703164
2463,11.683260063234167
2464,11.999011971519671
2465,11.848812633108297
2466,11.668712175674807
2467,11.763319089066545
2468,11.339625181614897
2469,11.306588684931274
2470,12.136488519964223
2471,12.250661621156208
2472,11.96739431336879
2473,11.601460706921737
2474,11.149447572077769
2475,12.237534971982829
2476,11.618494032434523
2477,11.65960433102963
2478,11.87826402886986
2479,11.500993609158037
2480,11.918242588711975
2481,11.686269252103468
2482,11.699490565262117
2483,11.615577788623552
2484,11.706815518741102
2485,11.715867137062302
2486,11.84643946310106
2487,11.997661469250307
2488,12.018472669032883
2489,11.944891343049946
2490,11.832002417204349
2491,11.473718405996191
2492,12.165024510570426
2493,11.865780407277578
2494,11.836400650665203
2495,11.333497943056852
2496,12.335282063613779
2497,11.906829655493551
2498,11.619461429994425
2499,11.373132381160652
2500,11.675551132414235
2501,11.77723255425519
2502,11.855694322920362
2503,11.452621477774477
2504,12.134003804865191
2505,12.310193194066784
2506,12.408024082960832
2507,12.518732737916945
2508,12.408291298686256
2509,12.26980607956113
2510,12.287857181121733
2511,12.056885568109408
2512,12.231019205348796
2513,12.282589716426783
2514,12.414131320153762
2515,11.888033674039978
2516,12.069838060640967
2517,11.9090537124637
2518,11.94223514276006
2519,12.369152416667122
2520,12.292832605992437
2521,12.119835365747699
2522,12.30352345104459
2523,11.651056759548453
2524,11.7905178505314
2525,11.869452911894173
2526,11.814983098829604
2527,11.68505792257515
2528,11.768224262977931
2529,11.826450135597879
2530,11.772598454452197
2531,12.445037010669381
2532,12.315645620868928
2533,12.17359476361546
2534,12.312215545549146
2535,12.566154939570332
2536,12.319985210102208
2537,12.384497268922145
2538,12.110651277668472
2539,12.138178697308785
2540,12.086746816436861
2541,12.096817123349966
2542,11.968990715782533
2543,11.668751020024748
2544,11.656102934979902
2545,11.765980507826065
2546,11.704706968127946
2547,11.847005235659665
2548,11.988108990798313
2549,11.919312956968744
2550,13.86868733682634
2551,11.823465814221503
2552,11.77324885077953
2553,11.222295755094017
2554,11.387293201403535
2555,11.667938128067435
2556,11.512435563853229
2557,11.582668817538625
2558,11.942538943634135
2559,11.835722836324504
2560,11.988810751373036
2561,11.95760823386561
2562,11.869677058031764
2563,11.934002946332226
2564,12.226472710872297
2565,11.865551023081197
2566,11.919636545031958
2567,11.843835947183743
2568,12.235279958701009
2569,12.344410383195502
2570,11.669508237477146
2571,12.121665018089857
2572,11.89242170265825
2573,12.246962735539586
2574,12.559352194896011
2575,11.761655497990505
2576,11.61715275807199
2577,11.749573839069503
2578,11.389968520569544
2579,11.059889790590267
2580,11.27044968924519
2581,11.449761114466567
2582,11.534532798111446
2583,12.484518101980294
2584,12.028537330583893
2585,12.118256678055031
2586,12.290872207206737
2587,12.202042077459039
2588,11.824978449041668
2589,11.9180036351476
2590,12.195768091050759
2591,12.287930133788644
2592,12.227998186516508
2593,12.39756154384621
2594,12.088039657252418
2595,12.200566470681053
2596,12.5219888051118
2597,12.114835678294483
2598,12.551153305632342
2599,12.690530651452505
2600,11.865686193254856
2601,11.853089726349927
2602,11.340204058542543
2603,11.425291535490462
2604,11.392843328922563
2605,11.322375842778355
2606,11.856531816013506
2607,12.332886976361804
2608,12.163441673179333
2609,12.08862783689969
2610,11.578433331466785
2611,11.61262404075088
2612,11.967191959420317
2613,11.781669785131605
2614,11.721846672572461
2615,11.90493151815072
2616,11.896617684776373
2617,12.07375761311397
2618,12.121811129606384
2619,12.16608367027628
2620,12.158267902002844
2621,12.03742801737568
2622,12.075233112653203
2623,12.36977823435518
2624,12.624111596279318
2625,12.550744395568309
2626,12.057804762788717
2627,12.021627183014646
2628,13.073574932834607
2629,13.179662576078254
2630,12.864407668652808
2631,13.106491101978703
2632,12.924016454931717
2633,12.606857932829238
2634,12.937198886453768
2635,11.96895846275985
2636,12.07750446609726
2637,12.108654427157393
2638,12.437325507052728
2639,12.129082524968164
2640,11.907681529982652
2641,11.568065537603818
2642,12.111284391999595
2643,11.589077138107616
2644,11.687654533661423
2645,11.62937263805003
2646,11.488209144716373
2647,11.573876345281525
2648,11.8557506595439
2649,11.962446904546367
2650,11.83156223521923
2651,11.837509957105507
2652,12.910520491802291
2653,12.408684551309873
2654,12.424572711739849
2655,12.900164239664424
2656,12.680017497489557
2657,12.751913074710046
2658,12.621331550902912
2659,12.648388906485009
2660,12.806014152690448
2661,12.74650607358899
2662,12.775538487990403
2663,12.561228750652402
2664,12.508297197935164
2665,12.699907771019888
2666,12.519849685773554
2667,12.03759926629135
2668,12.069332515225229
2669,12.078142293631124
2670,12.509944304335676
2671,12.128159348050486
2672,12.190506641125411
2673,12.195069418417877
2674,12.155579479175014
2675,12.089091709486185
2676,12.160341167486164
2677,12.196528980831324
2678,12.419632422680456
2679,12.491502662534062
2680,12.524804236671313
2681,12.906857797099546
2682,12.677626068363708
2683,13.284096896993757
2684,12.647475336346831
2685,12.69429394825232
2686,12.36037989080485
2687,12.608789684432203
2688,12.252166048776882
2689,12.229653500183915
2690,12.936408223318976
2691,12.133565031096579
2692,11.837088368199824
2693,12.178449697377332
2694,11.794774970419635
2695,12.152583028715231
2696,12.106853405598656
2697,12.113872303342143
2698,12.180491815887814
2699,12.000631839138542
2700,11.899925516215594
2701,11.9173880899947
2702,11.6460092164434
2703,11.782706097177943
2704,11.803037503424688
2705,11.625144618411667
2706,11.63085874154477
2707,11.726508415192486
2708,11.755528197056028
2709,11.514866734564585
2710,11.754826054070527
2711,12.460143247090583
2712,12.855310534659544
2713,12.064995888460366
2714,11.939117076487937
2715,12.001623980953376
2716,11.92949014275938
2717,12.147984877076691
2718,12.285324938844537
2719,11.864588156676813
2720,12.050448549246953
2721,11.7647047138698
2722,11.983525353867183
2723,11.850556265733184
2724,11.737148923299715
2725,11.75745638038375
2726,11.89315588136271
2727,12.00955306272611
2728,12.111371613135457
2729,11.906352877691244
2730,11.864354722186846
2731,11.838563921424406
2732,11.775042425365967
2733,11.976971333741492
2734,11.83922214768194
2735,11.770698953420881
2736,11.78942322293258
2737,11.678264378872193
2738,11.815587242779328
2739,11.92703851663986
2740,11.829674796098383
2741,11.837691131754642
2742,11.92058937588686
2743,11.910574536588937
2744,12.011908287599246
2745,11.856462150185001
2746,11.80249986565152
2747,11.865774977419985
2748,11.713462217085606
2749,11.778482051760564
2750,11.713681763528568
2751,11.80494555026102
2752,12.155722533697979
2753,11.875379566504895
2754,12.34385648955709
2755,11.827629314164444
2756,11.535787780340833
2757,11.2159946908328
2758,11.506977580520966
2759,11.986984422592236
2760,11.674381314543277
2761,11.831619966832978
2762,11.84789734154904
2763,12.111017422515621
2764,11.895324691368398
2765,12.58247459228017
2766,11.731392384072228
2767,11.370221457222776
2768,11.717784587026197
2769,11.788483462986049
2770,11.845031479091416
2771,11.572951146237067
2772,11.549057897503832
2773,11.956335769692943
2774,11.80443299095397
2775,11.630172773463606
2776,11.829330519840457
2777,11.867448642978786
2778,11.617525367551364
2779,11.662503833865705
2780,11.437512090412469
2781,11.510675542717767
2782,11.507626123362426
2783,11.460223833241292
2784,11.677321658340503
2785,11.83086836726145
2786,11.212034107712109
2787,11.68759725645491
2788,11.245465951684578
2789,12.014289452853335
2790,11.46715095510518
2791,11.567202585489351
2792,10.88438809757351
2793,11.869288536584412
2794,11.451263441961443
2795,11.657109536465786
2796,11.502330419225466
2797,12.148773730426857
2798,11.53410991681812
2799,11.600845996477121
2800,11.133887516873813
2801,11.631598661306112
2802,11.67689696629904
2803,11.997246252501196
2804,11.750511302397893
2805,11.519589487796353
2806,11.376588851855882
2807,11.979776896981031
2808,11.876156905227885
2809,11.745510389762075
2810,11.699713381363853
2811,11.966310566892039
2812,12.051347897798337
2813,11.981720520577017
2814,11.990793879547684
2815,11.465282095515906
2816,12.316195061264148
2817,11.952571151848009
2818,11.750089780386645
2819,12.080587819320797
2820,11.785912667921945
2821,11.574836322774368
2822,12.124787478249594
2823,12.73890881964501
2824,12.037368006172084
2825,11.901073527718399
2826,11.770670134202465
2827,11.803209731322866
2828,12.245673673733336
2829,12.31112378905738
2830,12.285410748508557
2831,12.043501857793736
2832,12.353109218289552
2833,12.573012564336866
2834,12.291063016157498
2835,12.306026843849773
2836,12.128920748839468
2837,11.947037494112273
2838,11.889444067908265
2839,12.02621793851655
2840,12.221717713407752
2841,12.19039220324627
2842,12.322938533303756
2843,11.911082410554032
2844,12.018324868083036
2845,11.7683904817828
2846,12.214763182594409
2847,12.26328123142085
2848,12.243135898112827
2849,12.171312058314767
2850,12.52247613210676
2851,12.23365684706824
2852,12.345621745757377
2853,12.349200219516803
2854,11.83015313646047
2855,12.198591818098837
2856,12.184569416769873
2857,12.127005028461378
2858,12.228871727912162
2859,11.52301880526074
2860,11.691010420899177
2861,11.657675032622802
2862,12.124429590953417
2863,11.725752284916046
2864,12.363139913322156
2865,11.831776126189796
2866,11.83373213297647
2867,11.53776740957472
2868,11.465711517340521
2869,11.453382586707592
2870,11.614335046463305
2871,11.31602271287074
2872,10.968942898103812
2873,11.461597582810136
2874,11.76633457680352
2875,11.587049839325845
2876,12.006231904948356
2877,11.88935997999664
2878,11.987090095983813
2879,11.736242076558614
2880,11.53668932897334
2881,11.879367956182632
2882,12.049336413590376
2883,12.152323996537152
2884,12.179412301560324
2885,12.099124497128114
2886,12.328921544060957
2887,11.492456878874144
2888,11.848543180030259
2889,11.034659412930353
2890,11.355470268435557
2891,11.770000054441365
2892,10.702072443116744
2893,11.093127112633038
2894,10.899129798233336
2895,12.663339396080977
2896,12.510100935205212
2897,12.204933487746707
2898,11.944733836371011
2899,12.219935279670215
2900,11.952470590869124
2901,12.187376739731182
2902,12.07490668524356
2903,12.628298155988785
2904,12.727667207433674
2905,11.263703358777779
2906,12.189758511763191
2907,11.62000124008184
2908,11.798075686565571
2909,11.933558962152986
2910,11.262774970800788
2911,11.349891951751275
2912,11.902983948813027
2913,11.295121247209975
2914,11.24830698673707
2915,11.337108184911214
2916,11.336833857907408
2917,11.99647950274519
2918,11.621158920366014
2919,12.330077058874844
