Id,SalePrice
1461,118133.43432161302
1462,157501.25022802994
1463,181859.49036691195
1464,197901.34036848976
1465,199224.44293674766
1466,168407.2444437165
1467,174824.4685213938
1468,156878.83635829767
1469,198024.93761171732
1470,119258.99991296696
1471,190486.67432242216
1472,97957.12578216755
1473,94608.11884269665
1474,146749.9730254906
1475,108943.69520581314
1476,349694.0701707238
1477,238977.696454292
1478,293519.62958872016
1479,295959.1750885583
1480,468704.64545627945
1481,328105.7302354596
1482,211720.65248110448
1483,181443.51851692284
1484,160605.67771042115
1485,187945.95735074402
1486,196347.3426398264
1487,338651.35466291895
1488,237535.85608223078
1489,190529.2238180486
1490,249158.93367958718
1491,194112.97302986923
1492,95445.17312726431
1493,177339.60105582618
1494,288528.1050218491
1495,290572.27941087115
1496,240471.98271357198
1497,181711.40889687373
1498,169068.3133779527
1499,161982.97670175077
1500,159096.82828139313
1501,174064.25411480665
1502,149092.52566948536
1503,284254.9496401312
1504,245235.89384073278
1505,230757.80569030688
1506,195292.67410093633
1507,249262.398757558
1508,201345.4099160999
1509,163461.56349018673
1510,146253.76400493583
1511,153144.77740031824
1512,181540.70873690024
1513,146261.35755000034
1514,147163.7872355262
1515,187559.10657264246
1516,152195.12643400606
1517,166720.30877499867
1518,135052.2323132407
1519,205515.23182396436
1520,128069.57178038968
1521,132894.47007044498
1522,180664.2002846433
1523,110958.89709084772
1524,128093.51753461285
1525,119697.58881167643
1526,109460.76621726537
1527,106528.09178559389
1528,134595.7770653787
1529,151896.08089625725
1530,182038.5349692695
1531,111256.07769372143
1532,100448.07556352872
1533,147077.7339412956
1534,124276.73082440441
1535,142737.61840173515
1536,107377.75374990636
1537,55485.06083391013
1538,140954.0093549851
1539,196809.777342464
1540,99420.09225251485
1541,140595.78064280385
1542,136687.68676729634
1543,173023.93909421237
1544,85653.23942530443
1545,113207.59198284589
1546,136221.89952736386
1547,125871.70458163178
1548,136779.00403895308
1549,120999.16578015355
1550,135680.28740333935
1551,111192.75714965757
1552,143284.5326436786
1553,151377.8265441774
1554,116924.73711958136
1555,156553.7525407799
1556,86245.28148888922
1557,110499.26457268883
1558,104782.50205417626
1559,61796.14242965291
1560,141701.7773379072
1561,124080.39906675939
1562,127977.8118139226
1563,120518.56402955922
1564,160560.64983851413
1565,152592.3970021314
1566,231511.7890600367
1567,80053.01510717788
1568,240728.31312639138
1569,123444.75660708616
1570,135498.12464855734
1571,113428.32928791032
1572,140344.781582501
1573,223229.25075073252
1574,120841.15449074842
1575,238952.56402093728
1576,252280.6735090287
1577,173233.66341612538
1578,157577.2995857613
1579,141252.11096486243
1580,190391.14308348435
1581,156482.05704113917
1582,121389.12671785
1583,277044.5668626945
1584,219523.21803866918
1585,136015.85182278597
1586,60093.34700490603
1587,103560.04735713956
1588,151715.81737996728
1589,99182.29723793901
1590,127457.89655960757
1591,91463.18568681716
1592,118195.15508971486
1593,130543.360490186
1594,130290.67295741818
1595,109166.26714029274
1596,218069.7677858112
1597,198266.02530693336
1598,215832.08026562104
1599,167710.19048526988
1600,158516.02279923926
1601,61890.72030115672
1602,118360.85788831329
1603,78831.2385410352
1604,251373.86459936367
1605,237209.83759554915
1606,167800.23935257297
1607,177949.37045350633
1608,211605.1698874465
1609,176421.04121055527
1610,141170.07781610428
1611,134393.07084575525
1612,173201.50859876344
1613,161998.5336268421
1614,133540.72304655943
1615,96835.71358662713
1616,80287.70573921973
1617,93384.05711250714
1618,123258.96003048126
1619,137164.97207295022
1620,141678.23413567193
1621,135798.72640131615
1622,141248.48155024703
1623,262890.48247777467
1624,223517.50582830943
1625,119612.98356078037
1626,167908.9602299226
1627,192211.36831782327
1628,282491.2224142571
1629,171493.2525646881
1630,340169.3657726201
1631,220507.236117583
1632,240404.54522953776
1633,169378.16992579238
1634,184885.31504198114
1635,173272.7954808535
1636,152414.5276346938
1637,202812.51535960438
1638,176763.40466648142
1639,191478.6070201104
1640,249404.51629037436
1641,179645.64765241157
1642,246334.16219981053
1643,210823.78552239586
1644,235651.14832687768
1645,195013.18048440723
1646,160639.7066388138
1647,159670.6595211062
1648,130381.99575597532
1649,139607.99990988965
1650,110285.70906049406
1651,117405.61290669064
1652,96727.43709232719
1653,98510.65665604944
1654,143500.37475456292
1655,134655.1218933887
1656,139313.31614504807
1657,143836.3952652272
1658,147373.39662621942
1659,111814.37049042979
1660,154370.97136198296
1661,388118.99999745155
1662,388296.66521238955
1663,364555.2887486627
1664,456866.261264677
1665,300141.8358020655
1666,331965.3638485109
1667,393243.96614738344
1668,342130.6128863027
1669,313379.0833944816
1670,341604.2127029784
1671,263668.3979505429
1672,404362.6119867253
1673,279591.9075287165
1674,233135.54798233905
1675,200326.48331600273
1676,199614.49034336346
1677,216328.16804095008
1678,427780.79254563904
1679,402124.2397021191
1680,320411.83054853434
1681,243895.7247751674
1682,321222.0067553022
1683,187750.39720298265
1684,170355.85917223492
1685,176186.55675162177
1686,168492.5121178392
1687,168095.53454344423
1688,190389.82221544042
1689,195779.85066549885
1690,196575.0333283671
1691,188279.78188081676
1692,263376.4955972558
1693,163702.1126549643
1694,180496.08681065563
1695,156400.42319047707
1696,259601.45003087918
1697,160408.65392496745
1698,332391.983388583
1699,297357.0112811511
1700,258427.24007425978
1701,273888.8071346802
1702,230254.73036365234
1703,233178.15593892787
1704,268858.82292907545
1705,247891.7418875663
1706,381267.62976243295
1707,216916.10208527348
1708,199771.47128972263
1709,250450.34824919482
1710,214540.52588358836
1711,273724.33781539917
1712,249021.81908860494
1713,279110.1737920451
1714,222700.7691789462
1715,209788.48144943148
1716,179096.56431841294
1717,174939.43514857662
1718,134154.37171959117
1719,208911.80386134787
1720,234773.1330848487
1721,160986.82797051276
1722,122449.67574951597
1723,150601.63215696946
1724,197203.1262174663
1725,238932.46836113586
1726,191198.67179523024
1727,152637.9657712542
1728,174120.83959536336
1729,163901.08834108122
1730,156624.51427742277
1731,122207.9845529203
1732,125088.03391971931
1733,115619.67953319
1734,123871.15327920984
1735,128013.94796595155
1736,106226.34618816883
1737,292852.72302835865
1738,254870.42268753235
1739,238207.5138669326
1740,210228.15131986965
1741,186278.7862122884
1742,173222.0350260148
1743,178789.232327139
1744,316791.6604445131
1745,217945.92947530703
1746,178407.09907096095
1747,211966.801359906
1748,216383.9065028441
1749,146983.48749176145
1750,124162.98827639273
1751,258883.69105532474
1752,115381.31685677217
1753,154419.3008321975
1754,192363.93791720356
1755,170876.6925735483
1756,126448.54956962052
1757,120361.24450269382
1758,142593.21732652
1759,159165.36238452946
1760,166523.40938845344
1761,145985.1168917529
1762,177653.47377922374
1763,197087.57384681684
1764,112715.79991548133
1765,166296.49950258862
1766,196193.4929305987
1767,216261.09797094838
1768,143027.86972581802
1769,171031.49206328145
1770,151318.3363902801
1771,124461.47074030952
1772,137353.60258324345
1773,121837.70929016388
1774,149435.5391544452
1775,141231.10989520192
1776,130180.73781881864
1777,112292.2187867905
1778,139308.2546661728
1779,120261.76679231525
1780,177327.29465166305
1781,133288.22738578517
1782,82096.45722008613
1783,138722.14038467332
1784,105620.06930992231
1785,134907.2890928725
1786,136666.38448857368
1787,169243.29985714194
1788,58526.43716931618
1789,101823.9301655688
1790,81924.7905333576
1791,177658.40815125834
1792,162557.01219708272
1793,128302.09122376324
1794,150479.7951467437
1795,133578.2449422967
1796,126866.06801741941
1797,114165.21822055471
1798,121688.06977133181
1799,111420.49948056633
1800,131725.61408754595
1801,121713.91857593453
1802,133384.22426041242
1803,147912.56844981288
1804,139335.77527652844
1805,135452.67126651178
1806,121544.62436030422
1807,138028.7135044375
1808,123365.13424507141
1809,123369.05546904367
1810,136630.05141489612
1811,95415.16947033058
1812,101610.10421175958
1813,120009.43498700876
1814,98104.18726449457
1815,50171.459052185375
1816,105125.09534643966
1817,113037.96832250313
1818,157723.23683198396
1819,127914.92341024996
1820,55347.158188903464
1821,121972.81487463365
1822,154388.4201213514
1823,44589.789297604126
1824,134425.77587494935
1825,132553.29392594218
1826,104285.98552366652
1827,99686.27308691789
1828,131060.25353148382
1829,121978.676601933
1830,143680.144320004
1831,135857.4819217994
1832,69444.73710548409
1833,142420.09234464355
1834,111361.15775775528
1835,109148.10022458113
1836,126192.43124342697
1837,90695.10906243439
1838,123477.33060806994
1839,100918.68118101318
1840,133210.40086748794
1841,132412.05903608483
1842,90688.89267158291
1843,128515.38916492692
1844,143799.99950685297
1845,140313.12397642096
1846,161596.89825922236
1847,168935.25774580272
1848,47451.101469604284
1849,113592.00993673348
1850,114891.96192321896
1851,154125.2274848712
1852,123459.67186649263
1853,120271.68694692264
1854,160836.34301747792
1855,147186.234324123
1856,226101.96556131815
1857,155952.4905614475
1858,140015.19064496926
1859,118138.6514895715
1860,144925.9564694045
1861,117291.88535950557
1862,300635.496360963
1863,276261.0658564659
1864,276338.86721510586
1865,330580.5000488376
1866,319012.4964400599
1867,215927.06988246058
1868,276996.9878398429
1869,199317.05580173671
1870,215283.86447419095
1871,253443.53416566123
1872,175175.3532067712
1873,238604.03362727203
1874,149139.72018771508
1875,193754.38800579958
1876,197785.642090701
1877,210888.71150470083
1878,210046.3789936996
1879,125866.67834735518
1880,126529.18721695275
1881,240029.94963173094
1882,238138.40845399338
1883,184802.2957721734
1884,202936.531961261
1885,236239.57261399218
1886,285000.4466420822
1887,218137.55807298847
1888,256994.1411463884
1889,170139.68576981203
1890,113324.73937050455
1891,124262.48316085833
1892,92831.99788528991
1893,129749.05998425101
1894,124498.619028675
1895,132107.68069072434
1896,127393.43659662125
1897,118908.50815725287
1898,109336.39827653917
1899,167034.45968124576
1900,152297.86803841562
1901,171097.51598141534
1902,158689.40041086293
1903,211037.9391436364
1904,139773.10542515464
1905,200642.89757162315
1906,144688.26467823586
1907,207600.1298038187
1908,105954.93942189937
1909,133729.6344601657
1910,120487.86491888434
1911,209957.91468672073
1912,317369.05962724896
1913,141781.17633934112
1914,57078.239683194006
1915,290400.3027473937
1916,67319.49178103951
1917,238106.70688027077
1918,138490.6393025412
1919,181219.7448173849
1920,154407.00209723253
1921,346807.03678223933
1922,299106.8504640225
1923,234874.47204072174
1924,220948.6073883909
1925,192324.45866529457
1926,347092.27034739475
1927,133576.1354936669
1928,158221.04019601867
1929,126222.37875636993
1930,123535.65612063893
1931,138427.7481381151
1932,136421.52628224014
1933,191996.2119527155
1934,177792.8245845836
1935,167789.55463487998
1936,197211.43932481183
1937,179388.09423582553
1938,170386.6358258851
1939,244200.6575965454
1940,193193.49233105322
1941,166220.80263192058
1942,181241.71755464977
1943,213544.86682328233
1944,366675.87163453543
1945,392174.5116074055
1946,123868.1556922403
1947,284044.65584908
1948,177429.9364970294
1949,258517.60684965138
1950,188447.7568584289
1951,247810.4943528874
1952,213945.81888576958
1953,170752.802166881
1954,178369.9496108084
1955,137100.15806075148
1956,301521.56045025494
1957,153863.95068950328
1958,282557.32144990686
1959,148455.96276927326
1960,114501.33643545573
1961,114691.74924153445
1962,97094.19845039514
1963,105718.61497931817
1964,103941.25062220846
1965,138650.7108346135
1966,133664.45639672282
1967,289664.4310475911
1968,420276.8142314491
1969,378178.8457637768
1970,399794.4930421614
1971,430007.8056346306
1972,365222.8999429617
1973,263421.12812986143
1974,340072.6252251644
1975,476411.9864054949
1976,271188.7897488015
1977,348281.08893640444
1978,348655.96676495124
1979,304923.8926653341
1980,201538.38245664295
1981,323632.38474391314
1982,210786.08628010738
1983,197094.20525374252
1984,170283.68229858135
1985,224957.92466400636
1986,200724.4263965949
1987,182238.7463895558
1988,172324.68939391107
1989,193456.46328508924
1990,206336.28986160943
1991,228255.02795900946
1992,214187.809964235
1993,165223.10765983982
1994,227931.55014786997
1995,177980.54153127276
1996,241434.9272006578
1997,318626.5190884322
1998,307390.01849526924
1999,281842.9126883176
2000,313839.8180693829
2001,281042.7127544531
2002,235004.1751968623
2003,245797.16406233294
2004,278375.5328156195
2005,227911.91142254372
2006,219183.55987441543
2007,247613.2895787219
2008,208246.03306268997
2009,195893.0050387389
2010,192672.60121954523
2011,136718.14905399023
2012,169467.90756799214
2013,180717.63319526697
2014,189065.8538505488
2015,210797.45355398522
2016,189824.9503499388
2017,193537.74389384445
2018,115709.22072771168
2019,127140.41421549175
2020,101228.37906380235
2021,99411.17685667204
2022,178741.8086499527
2023,139428.95358479058
2024,276986.1980313185
2025,337597.32443937915
2026,171216.48894712393
2027,157365.3274887777
2028,147522.18974000018
2029,159461.16279474256
2030,264049.2476097234
2031,234879.16288748855
2032,262906.5290327181
2033,255400.32001045448
2034,175500.33437189794
2035,214361.18708166011
2036,198382.53377149315
2037,207275.2286398009
2038,316413.3845599456
2039,226553.8675294979
2040,264988.45876074105
2041,301957.81024738494
2042,208013.68324111018
2043,180253.0908732185
2044,186184.21946799706
2045,211577.8257334882
2046,151789.92055932878
2047,143579.04893694416
2048,137546.02210800943
2049,147332.8563856946
2050,177129.62199836472
2051,104120.02324722751
2052,122077.42589439663
2053,146579.4874555426
2054,88153.02178908238
2055,162440.49310156563
2056,141437.72155179104
2057,114531.29537877098
2058,216718.58261423119
2059,129567.22959701333
2060,170809.4136137739
2061,174439.47617361744
2062,127365.79954527061
2063,118677.23308038303
2064,138318.1699500709
2065,119558.68843927105
2066,162895.11685320947
2067,119932.17612663802
2068,151331.8322850724
2069,82909.83527726507
2070,118097.39386925299
2071,94866.34580379956
2072,133111.0123039963
2073,130569.1984371129
2074,180191.1794466454
2075,148630.28796143516
2076,117058.5216026515
2077,155217.55799629737
2078,121229.49874946575
2079,138036.3932418294
2080,114148.30036484284
2081,127123.30857073622
2082,115189.47302708303
2083,148886.73257048117
2084,106336.3894827188
2085,111211.69327060161
2086,92179.43470003012
2087,115795.65699144221
2088,95995.68635035442
2089,80331.25146121922
2090,118778.94893234455
2091,103375.89143874915
2092,115474.34177663634
2093,117903.74605834633
2094,111592.08928316289
2095,142858.3070987451
2096,82818.10398878792
2097,101967.08910347355
2098,149921.99201698482
2099,46921.36239332795
2100,65156.082354905375
2101,111462.54225923585
2102,126826.23818890867
2103,103140.55578163893
2104,143360.06088781825
2105,132662.12653511763
2106,58406.932264399526
2107,184215.7501901586
2108,113294.05467559249
2109,102519.16359788961
2110,127264.42833949662
2111,128458.63347769408
2112,134911.78559583976
2113,114756.15063844921
2114,120363.56996851672
2115,163059.8846475394
2116,114797.60211615797
2117,140920.79169304544
2118,126808.53109865788
2119,111705.86965429409
2120,106578.81427458221
2121,86113.74838285471
2122,118913.9132178755
2123,77629.99693606833
2124,152752.03596614976
2125,125950.93997285201
2126,150010.56126137008
2127,164408.2870026092
2128,132195.15176992115
2129,92802.09427936883
2130,130649.59022093298
2131,132753.4065465898
2132,111918.51012280583
2133,126640.68991551077
2134,125159.4879399479
2135,93944.16228627104
2136,79205.25546146937
2137,103556.84332674752
2138,132479.75115973508
2139,146949.85523647323
2140,137227.41402222827
2141,167281.81784328466
2142,126489.69172203788
2143,145454.41479493698
2144,133561.66641785167
2145,136863.25733580472
2146,172281.05492963397
2147,138973.18483104868
2148,133568.18794414983
2149,154898.43154157326
2150,224682.89641786175
2151,114959.27876843467
2152,177791.2443565219
2153,162099.67617738023
2154,99942.92414090187
2155,138352.2121920017
2156,256200.86910902677
2157,229138.22599258067
2158,242638.6062229778
2159,213563.10983353737
2160,181427.61532157077
2161,224971.13357799285
2162,338391.3741672629
2163,315874.4957577595
2164,249318.9236553895
2165,197873.23616928223
2166,155944.0356070086
2167,219750.07058436508
2168,186267.72538755345
2169,196720.20562833367
2170,212628.5401756998
2171,155798.4552155491
2172,130294.55100589556
2173,160153.0862738809
2174,217983.9428726013
2175,280985.0914052269
2176,307838.1909364531
2177,230105.1007696021
2178,208983.72512239518
2179,134064.44512919645
2180,203551.65106214432
2181,191193.46064219382
2182,217306.9205136735
2183,187499.37557341187
2184,115293.52492007849
2185,125951.15799854138
2186,139351.8199515197
2187,145637.10447230047
2188,146345.17991622598
2189,283944.92247442604
2190,78723.96504826068
2191,78796.52192309572
2192,83796.40876420606
2193,111623.3723946875
2194,96744.33954586544
2195,100850.06177713236
2196,97659.88386188447
2197,117040.29377563746
2198,161731.36577757134
2199,181050.27485246756
2200,146973.84263802675
2201,150215.3978940072
2202,216006.27789210042
2203,137804.78435782276
2204,175790.74683751236
2205,118805.2637155673
2206,140236.51006411947
2207,206788.18227853265
2208,256536.4536442665
2209,244817.32621854072
2210,118596.06804296713
2211,112591.26827342287
2212,118399.46634458793
2213,105878.63147180954
2214,136291.5391222269
2215,96365.8232753375
2216,143831.72514037316
2217,56207.81474279531
2218,72918.37289993835
2219,65433.76115952265
2220,66955.61001109754
2221,289832.73033809825
2222,274824.4701749254
2223,280449.46416935825
2224,205179.22495734473
2225,125027.15384688658
2226,176683.5019155919
2227,193768.51523182142
2228,257861.59333677113
2229,244702.23891538082
2230,139805.67142927385
2231,203383.57980976635
2232,169915.14468340768
2233,184866.4580725553
2234,242518.64203541292
2235,227885.25461313914
2236,247646.08322051543
2237,298791.4895032698
2238,192380.30883220368
2239,103103.32992961447
2240,153983.90214837744
2241,157921.4758068937
2242,124727.13320104608
2243,130559.22533531672
2244,103396.58563641172
2245,103620.4314515554
2246,143837.73348324545
2247,114144.96377327295
2248,119090.15955024988
2249,112142.70675039939
2250,121977.81506153618
2251,102184.98014651271
2252,178949.0011240306
2253,144538.58191801052
2254,171825.52208612245
2255,177528.47269314618
2256,171887.85294647596
2257,203231.28568060283
2258,153107.2039590474
2259,168767.26867598752
2260,158111.16100001146
2261,189946.31606570407
2262,209165.42957754387
2263,374309.04025194683
2264,447493.6414079163
2265,169090.64151030013
2266,299956.39522497216
2267,360887.972090991
2268,400837.56183844805
2269,146337.67704214057
2270,200530.00099179865
2271,210173.27478826582
2272,193009.3811298645
2273,163330.14909128356
2274,181710.03308957192
2275,150056.82959017222
2276,192052.38190041966
2277,177117.66043700292
2278,141492.2646501171
2279,125161.71137196399
2280,115558.77673842624
2281,163992.69838149718
2282,183397.73672274058
2283,107152.25050582852
2284,116628.14758689163
2285,134624.14980450887
2286,120032.42710841668
2287,368917.71187830524
2288,267853.39812422433
2289,357895.7527523072
2290,429572.9611136324
2291,335213.5963503111
2292,429539.4883071418
2293,452912.37757932354
2294,390543.2872902594
2295,451214.7030694306
2296,270306.10793629615
2297,351202.85780619143
2298,336411.2760993525
2299,341310.61373920355
2300,334539.52715331764
2301,319805.02002180234
2302,251250.63890861557
2303,245070.80647254665
2304,243564.60588050078
2305,201743.9028425527
2306,194756.93137861314
2307,200992.7924828974
2308,225429.48785819663
2309,277379.0454506381
2310,204846.60787351427
2311,200232.19749591194
2312,163408.9706599222
2313,167215.6952493019
2314,164961.9116116497
2315,179265.48342985695
2316,194982.3884787025
2317,186949.21167562503
2318,179278.44420553168
2319,179718.8768709838
2320,180363.15927646734
2321,229675.19601493585
2322,180491.98212402116
2323,193699.90669799747
2324,179000.6306275802
2325,215658.24852657845
2326,171608.6702832487
2327,198351.50739351718
2328,222647.0894876976
2329,187756.76231765453
2330,176971.6511748784
2331,329255.55192598316
2332,386770.004760869
2333,315274.2678889507
2334,257373.8761082589
2335,291232.790096879
2336,300486.4823537459
2337,194390.82070098768
2338,252080.06300072436
2339,222951.99577842673
2340,375179.71438970213
2341,210788.43372967409
2342,237298.08954398296
2343,232406.76311178308
2344,221223.71096987388
2345,226698.21517786916
2346,210417.70883847587
2347,196707.90742743143
2348,243687.89310376853
2349,175280.08883217946
2350,316246.89836176403
2351,250849.27394172738
2352,250738.73077023576
2353,237222.22764214317
2354,133122.26731480134
2355,142169.1180195599
2356,148195.9397227493
2357,182381.08076877604
2358,200952.74447883415
2359,128076.50639474612
2360,110105.02503404008
2361,145089.73976290954
2362,252028.08506288572
2363,140944.80975530794
2364,153524.32975531835
2365,213062.12229996562
2366,184285.6063340487
2367,214987.81615849104
2368,216069.5682068975
2369,212678.19095731236
2370,159688.13453499074
2371,167727.82192441134
2372,191205.2606856096
2373,275610.7965589324
2374,310821.29875104415
2375,241344.79553376473
2376,278908.54192398686
2377,322264.0009460173
2378,144552.61887553
2379,197140.76061127472
2380,153630.68576281366
2381,177624.83861396028
2382,202264.91140672125
2383,204658.812330698
2384,244130.3687169014
2385,160476.73005806655
2386,133845.79618961288
2387,132050.86091450803
2388,104406.30060664684
2389,116195.83933596594
2390,144807.06431957663
2391,147904.71689838718
2392,109987.96594781408
2393,168488.28785622984
2394,143544.37181976144
2395,205840.45089161236
2396,138370.14621652177
2397,223139.59915118516
2398,130862.86842454699
2399,67672.5828826271
2400,61575.19902956291
2401,113036.77647264101
2402,140044.79631174315
2403,145081.15787584253
2404,157212.7149895816
2405,157291.7617399658
2406,137931.2451788593
2407,128606.9365623298
2408,150592.0861188042
2409,119829.1601390872
2410,161077.0667093419
2411,110972.9226043017
2412,159524.70754349942
2413,129426.52072007669
2414,155813.99558588632
2415,135075.13332655368
2416,126594.81039876591
2417,130489.86736311358
2418,127050.68632652791
2419,126363.91440308238
2420,119933.55137679071
2421,143697.12711037387
2422,101646.05318177656
2423,120709.24753824437
2424,156205.26651234622
2425,181929.48943527538
2426,128914.06507546332
2427,137579.99396052
2428,169028.7407028476
2429,108673.4062284608
2430,129243.10833218216
2431,107561.17518578183
2432,143872.58388915172
2433,144437.06635864326
2434,137734.40831274365
2435,148985.32658833693
2436,99614.81585651198
2437,97363.92146163821
2438,119007.62435138556
2439,99799.66181837696
2440,123140.66448191575
2441,98124.48863170341
2442,94207.86943199825
2443,126932.76758506849
2444,133259.3737962693
2445,93056.67795420703
2446,141828.42317198403
2447,175690.09818795125
2448,122969.90194271872
2449,115579.24775168138
2450,158495.22192723036
2451,117763.43080551336
2452,191770.6524543408
2453,89348.912074629
2454,114333.97761595563
2455,111413.74158391624
2456,134410.82321297523
2457,128187.07433123207
2458,134952.33621946065
2459,108411.25466208279
2460,140420.49426305687
2461,123458.70845744573
2462,127956.20555943172
2463,126913.6648175231
2464,169310.54729516798
2465,144170.8798509886
2466,122337.95793431935
2467,121856.68279865696
2468,87033.35360600405
2469,85930.4697372783
2470,182877.20926308687
2471,205272.97013827332
2472,165992.24474100603
2473,110861.777302345
2474,71538.65712286373
2475,201488.90650772612
2476,112723.88361178969
2477,127216.83152608367
2478,153821.53903800395
2479,100027.57877108805
2480,149122.53213503162
2481,119495.52423396036
2482,119020.41106837847
2483,108272.899970802
2484,118332.57080600614
2485,119583.79702709631
2486,136923.52936216758
2487,162967.09767492898
2488,158410.76231672792
2489,155728.2086613395
2490,131911.72217349123
2491,94167.47711794812
2492,191613.7703422604
2493,149039.88468828486
2494,146458.7326382174
2495,84004.75607186533
2496,229398.5897591228
2497,155311.80932540534
2498,105229.31843409318
2499,79666.7797281862
2500,110729.10282167936
2501,138671.78750543622
2502,137417.85420002518
2503,96755.26316658058
2504,154072.70627535137
2505,226375.3144653963
2506,238308.80070179643
2507,267301.115674662
2508,238093.63742303237
2509,214410.4943642391
2510,210113.0164079266
2511,168879.64163042983
2512,205306.71007241117
2513,230697.64956881927
2514,241123.20457855714
2515,141379.79365594525
2516,173734.22402666078
2517,143207.4623857716
2518,150693.69321546383
2519,239519.3291601984
2520,214965.73158453722
2521,183348.5446962824
2522,224076.2005250713
2523,115936.81685919761
2524,136704.10697161363
2525,142822.20599259262
2526,136559.36342487938
2527,114834.41446654666
2528,123741.94355768999
2529,135189.54570897244
2530,117257.992952485
2531,253466.37292002505
2532,219553.75427734837
2533,190596.40542142763
2534,231397.62900530238
2535,285275.4584483783
2536,226679.59153974985
2537,244048.51778172803
2538,176546.5542922136
2539,186148.51233774677
2540,178723.96874570352
2541,172705.40596550674
2542,162163.49648939614
2543,117752.14172177273
2544,115205.65704526569
2545,140175.86597684128
2546,119719.23974196517
2547,129733.1272268317
2548,154653.79060755533
2549,143771.25463086343
2550,614086.1038033069
2551,130327.74604157548
2552,123166.53098412721
2553,74923.70992153714
2554,92838.65550035718
2555,105338.96553161828
2556,93991.50295460357
2557,103673.3688408268
2558,148019.86684351173
2559,150197.24550672242
2560,143205.62716293073
2561,139710.84652671425
2562,141675.9985468371
2563,141723.75054397376
2564,198311.94090790406
2565,138944.53912426613
2566,153559.13969685935
2567,146287.31491519976
2568,197603.09740394316
2569,227238.9350937898
2570,114279.42016688272
2571,183238.64942874125
2572,137743.92101082587
2573,216914.96361190765
2574,268279.75293802423
2575,129586.01028201873
2576,117149.51445736938
2577,128640.35388265399
2578,82606.97549840678
2579,59122.382924395075
2580,86193.95301418545
2581,92024.98004538205
2582,103095.88144844826
2583,260423.86329013834
2584,176941.11834329303
2585,191380.23615116463
2586,228275.7667810446
2587,194155.54084641582
2588,129048.35078277577
2589,149113.63927273528
2590,197919.03748693803
2591,222853.76916780052
2592,209800.6019685349
2593,248125.1831672179
2594,176916.74595198204
2595,204099.10540378155
2596,275142.6312787555
2597,188596.35031714608
2598,277388.92166342924
2599,315761.8339546461
2600,149218.482870021
2601,137958.96802031674
2602,84476.4469312956
2603,95942.80684807562
2604,90938.86856710409
2605,81708.59075390176
2606,150127.0637147417
2607,203650.0679424684
2608,191257.86249691818
2609,174629.61053326837
2610,110028.32187173734
2611,119984.28354374961
2612,161440.83386966583
2613,123537.02832921711
2614,116403.04518167763
2615,152459.5822625384
2616,144333.98971302924
2617,181060.43024070587
2618,210560.32940701806
2619,194948.46353501076
2620,181374.46854347416
2621,165675.2951847021
2622,172101.1202908602
2623,229302.39240715402
2624,297445.7282193775
2625,284839.03054495226
2626,168614.44277138083
2627,156555.13397394953
2628,461139.84702432057
2629,471497.0312966622
2630,372144.8558618819
2631,444763.34490881284
2632,396405.8500669959
2633,295924.2398161768
2634,416885.12576394615
2635,159179.34715563353
2636,165654.3387460562
2637,183323.44587952504
2638,251393.83664175277
2639,179627.21441063003
2640,148682.04264737252
2641,97879.6575813429
2642,185569.62667150685
2643,101668.42613856574
2644,115342.40546509862
2645,107825.57342941526
2646,92702.67378765035
2647,103004.11584082109
2648,138457.39827246964
2649,146189.2221715892
2650,124545.21640833758
2651,136526.6206964552
2652,379710.082666783
2653,245743.7498361661
2654,254989.11726612903
2655,393628.36946706835
2656,315164.9300936042
2657,347330.06716108567
2658,310017.83070901764
2659,304605.3238376237
2660,365189.3644278854
2661,344127.52959317784
2662,358407.0426278152
2663,281443.3199384637
2664,267873.08536740666
2665,319388.14357253956
2666,269229.16722345975
2667,165064.98608803784
2668,170065.12578547568
2669,183340.32583489994
2670,264330.9692276282
2671,183053.21555779624
2672,190596.2454996178
2673,195854.07413197643
2674,188003.60169583908
2675,169175.3717334683
2676,191403.41975432835
2677,191684.58107924557
2678,235187.85607266048
2679,270115.6860599598
2680,279870.5202649772
2681,390639.55493782175
2682,304399.35927884636
2683,478737.90656772046
2684,315134.6208467521
2685,314736.4242569247
2686,231639.57089869102
2687,295562.70818839024
2688,210333.10127507578
2689,204383.6773815352
2690,383990.9205816972
2691,187281.33926480357
2692,136872.1645906564
2693,198624.91844481422
2694,133536.26646532683
2695,186926.23140242623
2696,178162.95690456958
2697,178403.89733434314
2698,196324.07944452492
2699,169547.12455680154
2700,152478.7962414052
2701,148996.48898439793
2702,109631.4235082894
2703,129047.97298384583
2704,133618.91039498485
2705,110267.76435560147
2706,107553.38683105189
2707,122797.48968476431
2708,130232.82882834207
2709,101136.90328226132
2710,125531.66090339016
2711,239904.587070011
2712,363141.35308238206
2713,164046.06673475594
2714,147659.08483671024
2715,167689.15482879715
2716,144132.31049452085
2717,187981.74725278394
2718,211130.58398732124
2719,151593.9202656274
2720,166627.0017803528
2721,123406.42278647378
2722,158703.70966261582
2723,133436.5567502886
2724,121664.5529996036
2725,125989.62386759318
2726,142929.02860710357
2727,159627.78127600308
2728,187785.43283790105
2729,145796.55535509303
2730,144538.9829583726
2731,135273.5935219495
2732,136258.1460933611
2733,151133.85998750088
2734,137629.9724888508
2735,135168.0774968875
2736,132334.5039184475
2737,114997.32123263576
2738,137807.84945827094
2739,153026.0269469293
2740,132324.97714601515
2741,145781.703007033
2742,152938.7634447291
2743,158895.58299734615
2744,158210.16685364718
2745,134947.23464400356
2746,134778.59768386584
2747,145497.40097052822
2748,123456.96094071482
2749,126664.89449254448
2750,125824.20655257168
2751,132193.19127210617
2752,193767.68030176737
2753,137214.20717644
2754,201037.8115010274
2755,142039.86162375845
2756,91608.62586320155
2757,70579.41918882787
2758,88450.81286621104
2759,163701.6392252791
2760,125084.40597124065
2761,137846.89633004373
2762,142442.61717087415
2763,174611.45769963958
2764,149841.65738278697
2765,263940.82269557775
2766,127727.31903662623
2767,84911.24788135274
2768,126757.13725536161
2769,130017.35054995962
2770,131349.52147525802
2771,101335.61089452197
2772,105910.11159567435
2773,169610.97437703176
2774,137104.09808893874
2775,111042.7505427716
2776,144473.91234966877
2777,146797.7550931967
2778,99618.41582370167
2779,130429.20373792555
2780,96145.30215027247
2781,95360.26667572984
2782,95383.65805213245
2783,96492.67396123106
2784,115566.5108049068
2785,143239.02993331404
2786,64374.126317827366
2787,126105.42545892131
2788,77037.7156906602
2789,156413.9885787543
2790,93902.73674983955
2791,106747.10361780136
2792,55919.22602940702
2793,139343.94181229846
2794,98242.22247591573
2795,114048.16437724412
2796,96197.69862835575
2797,186116.60358655162
2798,106259.93033331368
2799,112332.67970503341
2800,70773.87120952581
2801,110844.09039882025
2802,124501.87866263345
2803,166214.38564410078
2804,130922.6174898526
2805,96971.90514827761
2806,84899.63655732933
2807,150397.68998152416
2808,145021.0669881001
2809,128146.7722234501
2810,121734.0724604943
2811,159728.14892513584
2812,164110.00501707327
2813,159592.18625071106
2814,157958.67773020096
2815,95794.23391322125
2816,217136.50721511123
2817,148652.43612540452
2818,127303.78569282487
2819,168870.7360920737
2820,137768.86439745527
2821,101483.30609650511
2822,192564.88531291916
2823,289041.4614494889
2824,171012.2737527572
2825,138988.43617906654
2826,124312.82420405286
2827,133200.37321797395
2828,215235.3850233154
2829,205577.1042840559
2830,217749.81090109044
2831,169732.9453210978
2832,233094.5095617301
2833,307293.1005698842
2834,218155.03349089538
2835,224409.61401502354
2836,184931.34362984542
2837,155644.13636066523
2838,145385.40946191983
2839,168125.30823538193
2840,197119.03669658108
2841,202425.11523092657
2842,233183.3347902527
2843,149032.90574761972
2844,166030.57143882895
2845,123915.74733100296
2846,206084.15494225503
2847,204943.4174888199
2848,209603.92229815677
2849,191720.7684201486
2850,270426.6635756603
2851,207544.66710298767
2852,230296.7415807268
2853,234606.87734216714
2854,134590.04617413486
2855,195808.503733816
2856,195182.4706465034
2857,184094.95384784538
2858,204799.9059120167
2859,105058.22767985181
2860,121829.86898166055
2861,122161.7685559283
2862,176252.56374458503
2863,118793.76125154298
2864,230173.58833286984
2865,131557.46966100438
2866,135549.10064941048
2867,100898.26303253516
2868,95052.71510405876
2869,90928.70958249543
2870,116572.75767782325
2871,78614.20355460966
2872,45594.71223328156
2873,93665.89772083661
2874,140456.67487460197
2875,109513.46150124281
2876,154906.53503981594
2877,152855.8679146209
2878,153846.87817694628
2879,136423.99506139447
2880,105504.97809796252
2881,144608.9380658613
2882,180335.0467309319
2883,196488.14337580433
2884,194150.50589120964
2885,187295.44874711704
2886,221720.8789016057
2887,99161.89468914062
2888,148916.85907555613
2889,57798.53418181189
2890,81033.10223551383
2891,134208.09614299316
2892,40591.137489331464
2893,69875.01166272983
2894,53728.40290566438
2895,323717.8106925832
2896,266696.5082061702
2897,218417.0416919732
2898,150593.67965340152
2899,206811.12929106175
2900,152470.29666848158
2901,217402.372456434
2902,184207.7274185471
2903,307573.3241183337
2904,326396.5004548795
2905,76589.58122014817
2906,183495.06320695637
2907,112137.46212164428
2908,124148.87494757398
2909,155831.2568431886
2910,76356.01375246925
2911,81288.69677493437
2912,145562.14675874464
2913,82305.37527510559
2914,79291.28018414738
2915,86053.22710505109
2916,82973.85108368339
2917,167939.85490797585
2918,111991.80156015766
2919,217220.02115500407
