Id,SalePrice
1461,11.802253327786381
1462,11.921999000037461
1463,12.082620967184816
1464,12.230827414700887
1465,12.199944407406202
1466,12.0449973712809
1467,12.10500280006422
1468,11.999022276120119
1469,12.172125059481615
1470,11.614854254471338
1471,12.194910157765735
1472,11.585541381662864
1473,11.535350520162094
1474,11.915493375124214
1475,11.679449354227728
1476,12.699085142956287
1477,12.400781317962682
1478,12.587262505266946
1479,12.519968520829746
1480,12.927445239873554
1481,12.591940369303453
1482,12.307865736242862
1483,12.083563203695887
1484,12.044340508612375
1485,12.244545749353072
1486,12.208926020908677
1487,12.61454031839201
1488,12.399586712345883
1489,12.101627830174918
1490,12.26902380431584
1491,12.21517578434177
1492,11.47431748756994
1493,12.206876364905064
1494,12.565491658276477
1495,12.516317803596374
1496,12.261177175828031
1497,12.000609241305682
1498,11.983921744408516
1499,11.970941252346682
1500,11.887748928884394
1501,11.947706667556249
1502,11.92410415876455
1503,12.527556537809346
1504,12.40899498227364
1505,12.30497798744515
1506,12.10789151222319
1507,12.372096556295524
1508,12.203318547175996
1509,12.001611707347951
1510,11.81491758545006
1511,11.82848169721932
1512,11.993787047600115
1513,11.916654879040644
1514,11.958473156515296
1515,12.14127044339689
1516,11.967367716025018
1517,12.049841310092098
1518,11.79313034327163
1519,12.289609233309685
1520,11.690538629164559
1521,11.739449965600981
1522,12.078912354502705
1523,11.47600584025052
1524,11.693336768471768
1525,11.682788828879426
1526,11.654319959437062
1527,11.519184831211271
1528,11.900625058299669
1529,11.791547952429788
1530,12.170637648577994
1531,11.59847660709439
1532,11.491889447898227
1533,11.823682872937969
1534,11.751169277788524
1535,11.989315714858428
1536,11.61557148238476
1537,11.174925694371812
1538,12.066938293332424
1539,12.163815835266963
1540,11.583565467273948
1541,11.932609992335728
1542,11.820250122908028
1543,12.135907657983902
1544,11.357403881821222
1545,11.691411129310907
1546,11.859595970953674
1547,11.807084554493388
1548,11.827759696366698
1549,11.717231068890666
1550,11.727975392450396
1551,11.644210546018748
1552,11.687763960148246
1553,11.863055386320054
1554,11.661961467722858
1555,11.977682263020483
1556,11.393822644677213
1557,11.509771259886532
1558,11.58625819826258
1559,11.269885751203406
1560,11.776494238137243
1561,11.671140844571218
1562,11.794707765175001
1563,11.64184942630116
1564,11.94243671528603
1565,11.954575722443419
1566,12.36150080758986
1567,11.263135981731564
1568,12.266356326182356
1569,11.697660510680226
1570,11.97244280088729
1571,11.759227531068007
1572,11.8463790967148
1573,12.382960878845072
1574,11.660787497934376
1575,12.278024477337674
1576,12.452562045521585
1577,12.163936128278014
1578,11.828515736361066
1579,11.87573724581473
1580,12.267731408337214
1581,11.957090944581978
1582,11.722882475594735
1583,12.610440972116553
1584,12.31751422210719
1585,11.8749497743509
1586,11.206190137474033
1587,11.621380903077654
1588,11.846466233662358
1589,11.562535598804821
1590,11.87460078492862
1591,11.339668338737336
1592,11.67073644419021
1593,11.736498191196434
1594,11.614539395981776
1595,11.468913032858492
1596,12.201006719717295
1597,12.093425735878792
1598,12.266634307015192
1599,12.144287735491089
1600,12.122236315682366
1601,11.074128047508516
1602,11.760931179285583
1603,11.346228310699397
1604,12.372656119301421
1605,12.488560208135322
1606,12.090667167356647
1607,12.121877308839126
1608,12.319941736545202
1609,12.118343801355362
1610,11.905769971162798
1611,11.887066893823024
1612,11.997714744186034
1613,12.04109773969218
1614,11.737197751671633
1615,11.434702398925218
1616,11.237156375485153
1617,11.480618216413912
1618,11.774311289440114
1619,11.870151182673231
1620,11.919674350297846
1621,11.907695801901571
1622,11.86139530183773
1623,12.466300955842653
1624,12.264852690003051
1625,11.751912409990926
1626,12.07773476199755
1627,12.183280374686497
1628,12.578560141632874
1629,12.17959947717979
1630,12.593235716914526
1631,12.264079821893795
1632,12.34418338897084
1633,12.15629260910121
1634,12.117699006834407
1635,12.08419739847475
1636,11.950886937528217
1637,12.116560435515051
1638,12.22655714866185
1639,12.177088655506521
1640,12.461685307814701
1641,12.13563968355665
1642,12.302738082781115
1643,12.290183508970475
1644,12.408646202872255
1645,12.137409582329425
1646,12.009976395704768
1647,12.063172963163446
1648,11.706383895422288
1649,11.81461513104321
1650,11.66404583069292
1651,11.762637956416821
1652,11.577411330182347
1653,11.604338231304595
1654,11.897002646915048
1655,11.84978823797957
1656,11.863293574781807
1657,11.908016196996954
1658,11.876919691416685
1659,11.79990378857891
1660,11.976374721400685
1661,12.90178009715508
1662,12.765791681713797
1663,12.737577937302513
1664,12.93770849640905
1665,12.582845047225218
1666,12.669281467766327
1667,12.739993445246188
1668,12.706515414887233
1669,12.58033036100302
1670,12.70199389363144
1671,12.445488405437018
1672,12.833867951393984
1673,12.553183243779767
1674,12.40873303936978
1675,12.165204856162322
1676,12.138208133828968
1677,12.301714617525263
1678,12.923989675886949
1679,12.649034805077612
1680,12.589769707008825
1681,12.391263584233934
1682,12.589384211674421
1683,12.101328235926449
1684,12.173812771032665
1685,12.07170764616577
1686,12.067846310341157
1687,12.115414022813521
1688,12.194445140998457
1689,12.210507317938589
1690,12.25988102791851
1691,12.211351491826328
1692,12.507944222406246
1693,12.131579050702246
1694,12.118862623052493
1695,12.075980766211451
1696,12.465504775618221
1697,12.115398654078863
1698,12.728275678212693
1699,12.575531984447288
1700,12.382158438525366
1701,12.505334979612446
1702,12.43577183636025
1703,12.418147426399223
1704,12.538880892037739
1705,12.412078662709366
1706,12.825320408666904
1707,12.150908144896226
1708,12.209393770901745
1709,12.572327785917793
1710,12.345814492227838
1711,12.535045885470153
1712,12.390788013002272
1713,12.460191873288124
1714,12.280000743330255
1715,12.217689387896172
1716,12.163360334030536
1717,12.131117997461772
1718,11.807528584092175
1719,12.226556700002895
1720,12.437707146700316
1721,12.12317619326586
1722,11.755893164800689
1723,11.996997528133011
1724,12.206652685484304
1725,12.358480500714496
1726,12.130416139037091
1727,11.916403138138035
1728,12.120184433523598
1729,12.043188694949183
1730,12.063620849325414
1731,11.66403510545468
1732,11.753105600742686
1733,11.66179805562049
1734,11.69073719130439
1735,11.80824875587938
1736,11.61967910626279
1737,12.640469449283408
1738,12.440549177360797
1739,12.343160718397264
1740,12.091246114743996
1741,12.102013310710365
1742,11.928213631440375
1743,12.081222987393595
1744,12.56682245819143
1745,12.244104586119281
1746,12.206650775983787
1747,12.363695396369447
1748,12.236473751464096
1749,11.86844951566416
1750,11.819214055083584
1751,12.524694844915189
1752,11.658992608582416
1753,11.823288083715202
1754,12.268606346167935
1755,12.012646625317178
1756,11.654447504412985
1757,11.676262875539557
1758,11.818634715768233
1759,12.004408504917354
1760,12.02266780800301
1761,11.961028222916788
1762,12.006002936454745
1763,12.066495076632563
1764,11.610848027802067
1765,11.991995411073656
1766,12.100068894766927
1767,12.329115978780742
1768,11.783409775045055
1769,12.103422363054843
1770,11.954775718306418
1771,11.712729756545915
1772,11.75231198623434
1773,11.709089415977942
1774,11.81409189163341
1775,11.811129867878822
1776,11.746713153017268
1777,11.5336568244871
1778,11.795468684945547
1779,11.63731326270782
1780,12.131874305611063
1781,11.717007832804033
1782,11.260658489119262
1783,11.89166507810227
1784,11.526320950358805
1785,11.63344975757693
1786,11.71661661613966
1787,12.003274808776368
1788,10.927452344767843
1789,11.525260923067556
1790,11.152389684075178
1791,12.170702820397203
1792,11.997624197147488
1793,11.886945892204075
1794,12.000637806083933
1795,11.797459297668752
1796,11.769304462300202
1797,11.856858989109565
1798,11.596971546960106
1799,11.560782922890393
1800,11.676915711475882
1801,11.67521343101349
1802,11.981669635477811
1803,11.887739018271674
1804,11.840731262437465
1805,11.8438591203093
1806,11.77205238634182
1807,11.920686692084452
1808,11.736882635998146
1809,11.639181034937918
1810,11.827117917105234
1811,11.449350864676045
1812,11.440707416413876
1813,11.730252966893822
1814,11.338201563403146
1815,10.9134590431959
1816,11.494072866909972
1817,11.503974614563436
1818,11.760727687040092
1819,11.69425991653862
1820,11.070512889271527
1821,11.627620548664199
1822,11.920747630699108
1823,10.97570771162152
1824,11.726391184722516
1825,11.74666168946232
1826,11.523923757192968
1827,11.527301432241568
1828,11.73904735010585
1829,11.756972586465167
1830,11.804874857065238
1831,11.9793630532828
1832,11.399853543014995
1833,11.82281086736834
1834,11.75554145947394
1835,11.805356152630957
1836,11.650391838269162
1837,11.384688073308077
1838,11.801663643940692
1839,11.471995507803946
1840,11.76671020510792
1841,11.796773903464326
1842,11.40851457934176
1843,11.888565048019636
1844,11.884567930101902
1845,11.863341680909617
1846,11.983276694230408
1847,11.945042066736642
1848,10.860708458085757
1849,11.612706517292544
1850,11.643686418432402
1851,11.930357376347338
1852,11.704321018978106
1853,11.705361940963904
1854,12.070516896604689
1855,12.024004296808304
1856,12.346949465370997
1857,11.7948510874606
1858,11.85857607643224
1859,11.734321918584588
1860,11.962380125788528
1861,11.730530778581631
1862,12.578093594265676
1863,12.527507624555337
1864,12.527890085872553
1865,12.742961706290984
1866,12.694054631937128
1867,12.41065971848008
1868,12.567659669096212
1869,12.27536794518958
1870,12.386889641016982
1871,12.482609680581014
1872,12.090159163427128
1873,12.326785646315036
1874,11.980035078252111
1875,12.209898147116839
1876,12.193746343029712
1877,12.274933934582243
1878,12.304948967484162
1879,11.76711092186736
1880,11.793434834117882
1881,12.45656141992534
1882,12.441274663908647
1883,12.134321715575059
1884,12.211251821135342
1885,12.390241366838566
1886,12.514263563109143
1887,12.314194157453272
1888,12.567903536213677
1889,12.063129883790207
1890,11.753560600074017
1891,11.920417419237559
1892,11.475047603529845
1893,11.71672361117269
1894,11.723392785006617
1895,11.859704367257896
1896,11.777824890068493
1897,11.67071716825729
1898,11.641867131785368
1899,11.887893910474803
1900,11.901498197267767
1901,11.908185137655382
1902,11.801830595101729
1903,12.285721434912539
1904,11.745972379676044
1905,12.062181393480806
1906,11.98104631352064
1907,12.125181019698449
1908,11.696048373072433
1909,11.83582030718247
1910,11.729750125461095
1911,12.18385551996586
1912,12.59931876350888
1913,11.89551297873658
1914,11.218087429827062
1915,12.348198740712853
1916,11.028939570471941
1917,12.483061134531667
1918,11.923396027409723
1919,12.173227569373335
1920,11.970288917173582
1921,12.759320201100927
1922,12.622206440367336
1923,12.311851802158625
1924,12.314190196676016
1925,12.265052873167669
1926,12.73709862355057
1927,11.847364273338211
1928,12.003297398415054
1929,11.741150982934336
1930,11.895873888084198
1931,11.936933962126405
1932,11.89045469289215
1933,12.107974391878999
1934,12.142924316187546
1935,12.08728477699232
1936,12.13995273203016
1937,12.158842839305642
1938,12.018601456471455
1939,12.33799894362171
1940,12.126208317834083
1941,12.06401433155541
1942,12.104131001108847
1943,12.202531121726135
1944,12.58967993628415
1945,12.678294849036549
1946,11.862055462012401
1947,12.5320284156493
1948,12.024150864931366
1949,12.358899649842424
1950,12.194538437263088
1951,12.38188682737998
1952,12.262641031501941
1953,12.009807267777713
1954,12.197370864236754
1955,11.840327185536141
1956,12.720180791368648
1957,11.921231292388216
1958,12.640250553447308
1959,11.847691817069688
1960,11.595076573820084
1961,11.67929790725939
1962,11.602887744404622
1963,11.675095917531337
1964,11.579498908891567
1965,11.865536688255004
1966,11.865768921873926
1967,12.534653479378886
1968,12.701499439255398
1969,12.703139491445109
1970,12.832683172437092
1971,13.02200277197842
1972,12.79472203938311
1973,12.532668981964605
1974,12.624511834119847
1975,12.943938999908916
1976,12.504078703589045
1977,12.685920065781744
1978,12.624764316319194
1979,12.646953451777742
1980,12.232719393636101
1981,12.645234745719591
1982,12.334092489088626
1983,12.28427681235421
1984,12.00108233710971
1985,12.310418837094172
1986,12.30839189972502
1987,12.062385028327931
1988,12.085287801421526
1989,12.189294985901045
1990,12.275671634579155
1991,12.311267173514436
1992,12.3031503051637
1993,12.093781309688179
1994,12.372631434806227
1995,12.14892516022366
1996,12.387855750886821
1997,12.570161026860113
1998,12.550910245705044
1999,12.51761047255167
2000,12.583586781247163
2001,12.450304177059865
2002,12.375124088194488
2003,12.464088502578354
2004,12.56437498564315
2005,12.3646739984984
2006,12.307907371439697
2007,12.421011767548372
2008,12.199202180236583
2009,12.162385861196375
2010,12.22013876602715
2011,11.932504733856835
2012,12.087873938962893
2013,12.067906216606344
2014,12.122909380545831
2015,12.211699108525314
2016,12.154096954622837
2017,12.197812736825096
2018,11.679689828731053
2019,11.87644946174775
2020,11.630751406018698
2021,11.558067816010754
2022,12.156090471797043
2023,11.843329844210388
2024,12.422173314847884
2025,12.706967248491061
2026,12.035523097165761
2027,11.92452596083711
2028,11.99155284938338
2029,11.928671911326255
2030,12.417501355247115
2031,12.373140194815225
2032,12.397281169158472
2033,12.387025109976864
2034,12.00210735811374
2035,12.286081992614575
2036,12.213273984607476
2037,12.221307603008185
2038,12.656249901450474
2039,12.266670777830429
2040,12.64455330013119
2041,12.564666718495527
2042,12.199428614863566
2043,12.077035144105144
2044,12.147793788067002
2045,12.313278549018673
2046,11.86002742851323
2047,11.869556443235641
2048,11.863923263939217
2049,11.912301800052791
2050,12.122627876543802
2051,11.523469794732465
2052,11.686091384443658
2053,11.888990766899486
2054,11.376835146916719
2055,11.87095093854314
2056,11.93392038013152
2057,11.63669732069216
2058,12.287324846892766
2059,11.794991384234082
2060,12.045822506662113
2061,12.026657562708852
2062,11.68743710612523
2063,11.60266981932012
2064,11.787034164277754
2065,11.67573996305131
2066,11.970632714385534
2067,11.657904542820852
2068,11.863728119143868
2069,11.328882109386344
2070,11.59095122812592
2071,11.421454774832196
2072,11.919718146570748
2073,11.800713382363469
2074,12.18441545623373
2075,11.921880315234349
2076,11.726038769380716
2077,11.778655915185574
2078,11.665723756699297
2079,11.834766522532309
2080,11.619700763156386
2081,11.74143068595823
2082,11.713673164189228
2083,11.811753181284622
2084,11.520875869079825
2085,11.593798658645262
2086,11.976879855104936
2087,11.762627749409145
2088,11.52467705763607
2089,11.252473340509683
2090,11.753972533931076
2091,11.544867053301266
2092,11.697602549602413
2093,11.657980740597196
2094,11.662545287279979
2095,12.057744451854258
2096,11.369724108517133
2097,11.466272447123073
2098,11.8923078404179
2099,10.95390512274931
2100,11.298535511742461
2101,11.722794763400174
2102,11.875147178715753
2103,11.531037750627029
2104,11.865466517461941
2105,11.675305628552849
2106,11.068062374668743
2107,12.084116617147707
2108,11.669682141520536
2109,11.573661963066346
2110,11.734599762291628
2111,11.917946891039332
2112,11.702597626517893
2113,11.720520822260532
2114,11.693044967318663
2115,11.946330853351132
2116,11.634600489673826
2117,11.935458684668045
2118,11.752561479146387
2119,11.587263420284806
2120,11.66741055131334
2121,11.297077948926503
2122,11.542212765049182
2123,11.43536090807605
2124,11.988680039910166
2125,11.734430911271565
2126,11.854709018389581
2127,11.96668099836766
2128,11.685846870806028
2129,11.495542487292104
2130,11.881504051657785
2131,11.91870201919762
2132,11.61740220241702
2133,11.69067245171577
2134,11.73135826381949
2135,11.574812088740154
2136,11.23912226458816
2137,11.6422814089084
2138,11.845279957946925
2139,11.994988338081635
2140,11.864579433168718
2141,12.059687848360912
2142,11.713201155541364
2143,11.815357420708985
2144,11.617104370513974
2145,11.871536201125078
2146,12.041591033022316
2147,11.95421435910283
2148,11.837280325864802
2149,11.978766700572063
2150,12.320618097681747
2151,11.683563503851982
2152,11.953102054833401
2153,11.94135910512839
2154,11.5723736555768
2155,11.980335498660242
2156,12.427665756620353
2157,12.32686298799838
2158,12.394866928582527
2159,12.267366634907603
2160,12.156058117445339
2161,12.443128946038978
2162,12.924260871315154
2163,12.734640752786943
2164,12.448064812839222
2165,12.081360397799013
2166,11.969393124113603
2167,12.254194931035691
2168,12.149213518472902
2169,12.1994331257877
2170,12.276191869596609
2171,11.937776564371429
2172,11.858197352615662
2173,12.035929451474841
2174,12.306594057442457
2175,12.61306742656129
2176,12.546397340262477
2177,12.356322574318918
2178,12.33192172750983
2179,11.857855180838662
2180,12.302769182883239
2181,12.178179486394944
2182,12.349784443816404
2183,12.202052370016684
2184,11.785975338499245
2185,11.841725769009024
2186,11.973540580389292
2187,12.017211453783075
2188,12.028344406826756
2189,12.389459997155415
2190,11.299736780397165
2191,11.304010029429248
2192,11.357848629703168
2193,11.585312807804982
2194,11.589143307337958
2195,11.501762455663844
2196,11.526711722856643
2197,11.615645055247533
2198,11.923055416230483
2199,12.118650817659127
2200,11.83442750509559
2201,11.755717205176712
2202,12.213884600819217
2203,11.71462671468476
2204,11.944739553964911
2205,11.55490393976552
2206,11.826819228407224
2207,12.284625995432794
2208,12.430256434774883
2209,12.11237824951166
2210,11.785260705061376
2211,11.74649163411545
2212,11.721472639006857
2213,11.512301352569336
2214,11.877443788444651
2215,11.569454136161852
2216,11.819605611336694
2217,11.065166955340365
2218,11.337762651631717
2219,11.352599461399318
2220,11.324417253654335
2221,12.357088207825583
2222,12.291222763045027
2223,12.475275132091113
2224,12.319674219190864
2225,11.747225427446418
2226,11.987381961517809
2227,12.16789835050685
2228,12.48607709041794
2229,12.44480430754681
2230,11.88115083586624
2231,12.205008510022184
2232,12.105154322025943
2233,12.145105347966634
2234,12.42257888423105
2235,12.166055997007142
2236,12.4783688529843
2237,12.600566151071781
2238,12.2878012807453
2239,11.705545428741166
2240,11.927356379672204
2241,11.875344212839444
2242,11.780808030753967
2243,11.84124457521855
2244,11.587603739860302
2245,11.47430078534496
2246,11.851679078421395
2247,11.77249980913351
2248,11.742449141486883
2249,11.758696161590509
2250,11.844580249258849
2251,11.557767887659317
2252,12.114281413702066
2253,11.962124342935688
2254,12.122946144225391
2255,12.177881031402933
2256,12.112028631716495
2257,12.154356560206937
2258,12.007104148684686
2259,12.027729615125441
2260,12.021801293935338
2261,12.124950549762673
2262,12.187245345372123
2263,12.671272183075159
2264,13.010154396845639
2265,12.132103951351333
2266,12.505250435004953
2267,12.635518367372008
2268,12.854766605572886
2269,11.970841818618204
2270,12.267777809705766
2271,12.297316436266192
2272,12.267181202105858
2273,12.060580563157453
2274,12.083384910241307
2275,12.06386017411521
2276,12.141776940688699
2277,12.111280280547257
2278,11.979304958602834
2279,11.72841534008899
2280,11.661581848504
2281,11.984400494532837
2282,12.126274759637734
2283,11.710993322217433
2284,11.658917799255374
2285,11.891536540259285
2286,11.697755840663596
2287,12.667844165301332
2288,12.458402888210546
2289,12.667972554162173
2290,12.846456655893153
2291,12.598260570060138
2292,12.928777069759454
2293,12.87056384814039
2294,12.7133327085584
2295,12.943785543573485
2296,12.495848867040605
2297,12.616665184623685
2298,12.59771381551895
2299,12.682211804255902
2300,12.623794366848223
2301,12.561680805464547
2302,12.405939372696803
2303,12.402268927186148
2304,12.400232649835322
2305,12.115273139559752
2306,12.117692235457554
2307,12.155290053070779
2308,12.336652598154457
2309,12.515796427722151
2310,12.27983603278725
2311,12.196683505280168
2312,12.093649358588557
2313,12.06100706148821
2314,12.11942904866174
2315,12.0899509856419
2316,12.080374692228197
2317,12.120431344946455
2318,12.024315911412895
2319,12.115896046536713
2320,12.117719869477456
2321,12.388417362970012
2322,12.07964082107735
2323,12.19294259700518
2324,12.246148989332553
2325,12.243639477582978
2326,12.151651915898993
2327,12.222602187689729
2328,12.346272824770807
2329,12.165064327481081
2330,12.103460297411864
2331,12.69099594196114
2332,12.765331232835296
2333,12.628484557224665
2334,12.346779407565156
2335,12.515039569144488
2336,12.609152815285642
2337,12.165011498086198
2338,12.513138959411839
2339,12.383646061738503
2340,12.83198877669987
2341,12.19474061871501
2342,12.380886504563168
2343,12.360612684255061
2344,12.262787886065574
2345,12.378816834855636
2346,12.278524806084045
2347,12.138891219649826
2348,12.414423607850802
2349,11.98653542405523
2350,12.587714950527904
2351,12.339710873061026
2352,12.382865065669439
2353,12.342507007510433
2354,11.821098003957209
2355,11.905711820410067
2356,11.980306323264873
2357,12.168771011089309
2358,12.171724872574325
2359,11.857442438362742
2360,11.659772552576325
2361,11.862530131789091
2362,12.448291797453301
2363,11.783677390038633
2364,12.081645853337562
2365,12.320358613103165
2366,12.12773471528704
2367,12.215068177991588
2368,12.168017610802146
2369,12.193336504685247
2370,11.95288567753665
2371,11.904878685387018
2372,12.107337303091848
2373,12.552883382572972
2374,12.695093360865465
2375,12.354182965396621
2376,12.435349568088494
2377,12.56883534391224
2378,11.865265446689182
2379,12.174298844029346
2380,11.931892266518659
2381,12.01736093456449
2382,12.354485910321479
2383,12.21756548743041
2384,12.399525079266873
2385,11.995431969093497
2386,11.813897727701038
2387,11.802661176362854
2388,11.597857258278495
2389,11.739723587288458
2390,11.841653533117675
2391,11.89202711995394
2392,11.598194413089066
2393,12.052996325172462
2394,11.82789757317708
2395,12.246839853682687
2396,11.922655667287284
2397,12.25249469917549
2398,11.81719819313836
2399,11.07342935136734
2400,11.037303721266507
2401,11.709463651812108
2402,11.779973077230245
2403,11.887699987341412
2404,11.922063578493525
2405,11.975694218060116
2406,11.833720118248012
2407,11.69625244859601
2408,11.918650422505872
2409,11.662337765750541
2410,12.138386865903497
2411,11.62412205851977
2412,11.929369282642478
2413,11.678766468031778
2414,11.94879195835569
2415,11.767347794094986
2416,11.779655386478327
2417,11.772844753837845
2418,11.782402340658622
2419,11.614971506987864
2420,11.715678224581898
2421,11.774422882755204
2422,11.649278985830676
2423,11.50448185647348
2424,12.000185431216995
2425,12.205189677178303
2426,11.745742692588898
2427,11.640582246316573
2428,12.172978675203776
2429,11.660659834845982
2430,11.79102861456609
2431,11.640490611455496
2432,11.816436740327845
2433,11.81692996127193
2434,11.719193952743442
2435,11.836536992122596
2436,11.49970769590202
2437,11.562861300142655
2438,11.713991791927727
2439,11.59127388205727
2440,11.764575621366756
2441,11.490612072845241
2442,11.456750676684313
2443,11.716582720075063
2444,11.841304065051805
2445,11.381154801935287
2446,11.610000191148727
2447,12.197631385161277
2448,11.892301622546341
2449,11.625353296656648
2450,11.935350147767313
2451,11.742782373836805
2452,12.104601396222591
2453,11.39027474409203
2454,11.690536595560374
2455,11.779830550156564
2456,11.719673019305736
2457,11.738109318030677
2458,11.761955829440069
2459,11.506599321828194
2460,11.814046876673293
2461,11.719446621997179
2462,11.737009697764663
2463,11.644186525714046
2464,11.96724049727256
2465,11.810133151358272
2466,11.590226896639887
2467,11.923108971013384
2468,11.373753738362407
2469,11.314349081124863
2470,12.218632623145952
2471,12.392841538722365
2472,11.961530834966254
2473,11.598387029224156
2474,11.304345903734301
2475,12.29388610114272
2476,11.60876618598848
2477,11.732808377818754
2478,11.96590083990926
2479,11.550799490592492
2480,11.934764189230291
2481,11.676736397880326
2482,11.807500712712766
2483,11.617106053477421
2484,11.70614327172087
2485,11.752900367866875
2486,11.856347356482939
2487,12.062870778648064
2488,12.106516730448593
2489,12.013614346345785
2490,11.881824710978284
2491,11.455978794166937
2492,12.179758128659234
2493,12.019637835737164
2494,11.966117964881475
2495,11.477929600518134
2496,12.337368017555306
2497,11.932460365541932
2498,11.587735777724658
2499,11.450567544267416
2500,11.715715332906692
2501,11.772315516236215
2502,11.913253096409768
2503,11.424038072268955
2504,12.136631070602636
2505,12.317154275093491
2506,12.451828868912582
2507,12.507683088028422
2508,12.46064847783154
2509,12.336595411040122
2510,12.414402748731376
2511,12.09427941414383
2512,12.218818947865786
2513,12.336524992869343
2514,12.388004562736953
2515,11.95512146973945
2516,12.11275916805408
2517,11.911568263041392
2518,11.926661071767835
2519,12.345496462996733
2520,12.294590036262568
2521,12.152233322887959
2522,12.320286900742833
2523,11.732318991653093
2524,11.818374061092793
2525,11.927198270283819
2526,11.819696071090936
2527,11.668335301367085
2528,11.756410476454702
2529,11.776257404714869
2530,11.824612837667381
2531,12.429989640563582
2532,12.343496536097769
2533,12.179888624271342
2534,12.397209639705942
2535,12.551110228819951
2536,12.442699160065532
2537,12.377111374740682
2538,12.132127225583284
2539,12.1901671777388
2540,12.053440746160636
2541,12.168948640328619
2542,11.907495745628081
2543,11.710798332044085
2544,11.626482684819427
2545,11.863159536891061
2546,11.794305468476667
2547,11.982073009798853
2548,11.958623475584643
2549,11.953300782740296
2550,13.434239641360417
2551,11.948418864581143
2552,11.75999736960253
2553,11.243839390559291
2554,11.582715257337838
2555,11.748630986935135
2556,11.492287430806941
2557,11.564292919044759
2558,11.87158032338132
2559,11.64900042396275
2560,11.896363732024861
2561,11.838858011506204
2562,11.731211748025295
2563,11.810477008939966
2564,12.059937930530802
2565,11.73652656008005
2566,11.767937959299985
2567,11.706023632821381
2568,12.137503986408108
2569,12.21478540676255
2570,11.783958481992972
2571,11.962940283237199
2572,12.02062262614223
2573,12.30472527185902
2574,12.45096789942735
2575,11.862238451571704
2576,11.5985816010366
2577,11.76243475482638
2578,11.350075671670055
2579,11.042626717108188
2580,11.609786397100326
2581,11.737668989019726
2582,11.784993789947393
2583,12.391758291371282
2584,12.083402783605464
2585,12.137599281992799
2586,12.315901233890756
2587,12.230142087257224
2588,11.911719711661929
2589,11.956902922108625
2590,12.206823978268314
2591,12.287700510096734
2592,12.208591780370366
2593,12.395124952216962
2594,12.173156229946771
2595,12.240779869336833
2596,12.527053794458409
2597,12.076098541603884
2598,12.486500566908578
2599,12.751648609813024
2600,11.879055576418772
2601,11.82956319509994
2602,11.365293367274855
2603,11.407194878571156
2604,11.387744904915522
2605,11.331682231317007
2606,11.875470828191347
2607,12.138776319470736
2608,12.271275536475745
2609,12.04488267869203
2610,11.615795115768158
2611,11.781348290371009
2612,11.987963866112686
2613,11.778403658291847
2614,11.77699370905929
2615,11.859807419105625
2616,11.924636924446574
2617,12.052986180126332
2618,12.144039518054752
2619,12.172867941118021
2620,12.115882144297355
2621,12.053397099412745
2622,12.079860983733932
2623,12.391494950980835
2624,12.578116293659164
2625,12.474523491157239
2626,12.106532434790005
2627,11.996326952387001
2628,12.834324385299709
2629,12.874886542506266
2630,12.750840329809646
2631,12.942441163054962
2632,12.71419628616858
2633,12.558767911988486
2634,12.835557852319221
2635,12.037571165741134
2636,12.126006615740813
2637,12.08543215611254
2638,12.384721562140488
2639,12.201731282136542
2640,11.9732988128521
2641,11.542695176841892
2642,12.110101990947019
2643,11.636705621702564
2644,11.7950210695811
2645,11.70809135157031
2646,11.565901927954656
2647,11.65454250900391
2648,11.873433555442155
2649,11.899276428842857
2650,11.839084590593124
2651,11.83569781123915
2652,12.819875872659068
2653,12.426259808553457
2654,12.353463818704311
2655,12.810568746444286
2656,12.634452398425854
2657,12.639595868852947
2658,12.478985972606615
2659,12.526355152362854
2660,12.679489003492769
2661,12.686730411274747
2662,12.68873628909672
2663,12.60478573583946
2664,12.481579897292562
2665,12.620824401082583
2666,12.512095820777073
2667,12.066756723751489
2668,12.133719903222648
2669,12.046937715044454
2670,12.501587016131655
2671,12.161923622516792
2672,12.173757903609978
2673,12.160278257820103
2674,12.216176799776466
2675,12.024583952098322
2676,12.200261716701576
2677,12.218733492793532
2678,12.338447360202833
2679,12.518866736573784
2680,12.505667760671951
2681,12.748560428638733
2682,12.617458132325673
2683,12.947407948853064
2684,12.58850739115411
2685,12.589843194425214
2686,12.45360196379669
2687,12.57026784763432
2688,12.28180826885367
2689,12.235280100637642
2690,12.821134049602295
2691,12.08203301101393
2692,11.86347237248744
2693,12.194937200097229
2694,11.85887587705616
2695,12.190552742443092
2696,12.1441715727779
2697,12.107316050186505
2698,12.164142083411907
2699,12.024656124701734
2700,11.962772327758191
2701,11.986260169283028
2702,11.668965236467404
2703,11.932049860048487
2704,11.948202554847747
2705,11.644499864012818
2706,11.659950625515759
2707,11.728458247864161
2708,11.741305137501463
2709,11.597749023466797
2710,11.770059886657549
2711,12.497370191994044
2712,12.754075862795483
2713,12.036258887923054
2714,11.88966453574404
2715,11.925478322975227
2716,11.90199581208254
2717,12.157713652153959
2718,12.272084953680935
2719,11.924769238664956
2720,12.128838159017228
2721,11.756216484382904
2722,11.921378171725108
2723,11.979157345812155
2724,11.71605659292905
2725,11.743224651644386
2726,11.882527999691677
2727,12.170955765155114
2728,12.066844155105452
2729,11.904833046668777
2730,11.82804945336416
2731,11.762383233682002
2732,11.683032688722188
2733,11.999475440770379
2734,11.83427122969562
2735,11.72308330172277
2736,11.805453755117895
2737,11.676137728581402
2738,11.822212113060349
2739,12.002210891931451
2740,11.779656256200497
2741,11.771634186524668
2742,11.979685291741424
2743,11.902968573121068
2744,12.026210609604146
2745,11.942653217321556
2746,11.758520812298624
2747,11.83615729114403
2748,11.821283565675198
2749,11.776621241564698
2750,11.691925294164502
2751,11.756099942157546
2752,12.260248382595568
2753,11.95751228344173
2754,12.23156661883128
2755,11.791945076883001
2756,11.456313826959825
2757,11.225350554061365
2758,11.362642184162002
2759,11.955585676915613
2760,11.601471549577788
2761,11.894998435196847
2762,11.877507384812976
2763,12.199782431716535
2764,11.919868692595127
2765,12.533647138677477
2766,11.774750796549835
2767,11.267101858363908
2768,11.644433433502048
2769,11.696146374398268
2770,11.935065630368605
2771,11.615258503816062
2772,11.593772584649752
2773,11.902463385980564
2774,11.766254512846437
2775,11.678131499889739
2776,11.916297352656047
2777,11.917578764393859
2778,11.706859128134223
2779,11.6291344099594
2780,11.604317662905633
2781,11.459121925022458
2782,11.459120858559304
2783,11.32590536861175
2784,11.71368214010829
2785,11.704932693707303
2786,11.078086468886944
2787,11.784505937105582
2788,11.146570001600942
2789,12.006393493249956
2790,11.500038545005387
2791,11.601884751678304
2792,11.048488692287219
2793,11.976105084812026
2794,11.366660752366759
2795,11.62643866752099
2796,11.408799571025149
2797,12.13129940099299
2798,11.56880158866332
2799,11.688951188513435
2800,11.242937932533655
2801,11.67859340106946
2802,11.759481491991831
2803,11.982199101260388
2804,11.741355648847211
2805,11.532495986841141
2806,11.285210233163951
2807,11.990294570028617
2808,11.903182947349631
2809,11.800794013226728
2810,11.757054642705949
2811,11.921418465902118
2812,12.052303535613323
2813,11.972149938819602
2814,12.03496645304903
2815,11.53184569450557
2816,12.316721642852407
2817,11.879919894243582
2818,11.772553576810644
2819,12.032286633910298
2820,11.765323630866993
2821,11.677031924793825
2822,12.191069879216418
2823,12.493138644248106
2824,11.984313861620711
2825,11.906263142821263
2826,11.767035863999155
2827,11.84894579283958
2828,12.313331445619882
2829,12.339244740390791
2830,12.305451874714745
2831,12.206056950665488
2832,12.30104062959755
2833,12.469767412847386
2834,12.270227519257645
2835,12.328777349460427
2836,12.16790776167609
2837,12.013666199448952
2838,11.864192273406712
2839,12.048696759832126
2840,12.186843224761528
2841,12.25672005975299
2842,12.364771567050816
2843,11.93905371338947
2844,12.067494329498743
2845,11.758273054417828
2846,12.271587582362685
2847,12.205692474918244
2848,12.338198906884703
2849,12.200480921053966
2850,12.533473736093178
2851,12.33151059878113
2852,12.391324555864742
2853,12.381615878215747
2854,11.877618613211524
2855,12.246502240661052
2856,12.18265481724281
2857,12.15300293044476
2858,12.236396230670064
2859,11.61296069668175
2860,11.684249226835082
2861,11.808644043450172
2862,12.246845368893226
2863,11.811637277654164
2864,12.34897488067496
2865,11.929424703410893
2866,12.031365718408765
2867,11.433187230583796
2868,11.568300589167723
2869,11.534636022680615
2870,11.819141449902844
2871,11.400930587081902
2872,10.832259011516278
2873,11.54119785568145
2874,11.699845946810381
2875,11.765307199845044
2876,12.090772277557724
2877,11.771602826740875
2878,11.92485386588491
2879,11.761119151436652
2880,11.547538336832407
2881,11.791355313659535
2882,11.905363950028427
2883,12.047057967503633
2884,12.193827897989268
2885,11.964885083518382
2886,12.200727363942757
2887,11.567623005128777
2888,11.843505794394403
2889,11.098464963789695
2890,11.264564061412145
2891,11.782854288016903
2892,11.078022413360767
2893,11.59278288986966
2894,11.1077847512006
2895,12.446338780056553
2896,12.393833023796285
2897,12.231244530500362
2898,12.033069514419509
2899,12.272986797972816
2900,11.979882267761507
2901,12.215598989335867
2902,12.075801481381806
2903,12.657131768907046
2904,12.696267360512763
2905,11.22461033883788
2906,12.26644062103753
2907,11.645104168655712
2908,11.799717968996296
2909,12.032000216078892
2910,11.218222516527607
2911,11.364670300785107
2912,11.928007797215745
2913,11.409892275380173
2914,11.252427868360911
2915,11.339380059927283
2916,11.452115819875726
2917,12.094358499761052
2918,11.721418666593092
2919,12.391994259304894
