Id,SalePrice
1461,119766.27254552659
1462,152660.83304517405
1463,182480.89091006233
1464,199091.16750901326
1465,193587.11170347515
1466,170208.5726460163
1467,179389.1132239512
1468,159165.57424338465
1469,196553.12630472175
1470,118056.13153616202
1471,194149.96247716676
1472,99642.08605619622
1473,95013.23376753669
1474,144352.05720770115
1475,111536.01870788985
1476,359077.09567796555
1477,243187.42605685606
1478,284953.877973227
1479,282672.3577786718
1480,487555.64939328877
1481,324544.9925287005
1482,206182.11374905534
1483,178254.39530232057
1484,159379.8782463704
1485,183352.28585481938
1486,194001.25855685803
1487,319024.8058101719
1488,233099.4901232092
1489,190286.3689189975
1490,236513.84477226666
1491,192688.5669492542
1492,92573.10521966044
1493,179091.63568184027
1494,281796.41063646553
1495,282384.89701085974
1496,229252.8851103817
1497,179636.36236121104
1498,164817.2386919777
1499,160833.75847760343
1500,153582.82130015254
1501,176710.4803593802
1502,145874.81927412195
1503,292112.3839778508
1504,241565.7512310318
1505,224350.6291379005
1506,189512.18062410087
1507,253162.1453509082
1508,202943.61398875056
1509,158710.81260993023
1510,143050.7230918229
1511,151204.5123227781
1512,177369.75213513666
1513,147690.9502846474
1514,152066.18751275894
1515,197327.08961538522
1516,153799.60154952237
1517,174654.9210427776
1518,130711.48724804111
1519,212455.90572162837
1520,126005.77605674157
1521,130690.62825620103
1522,177940.388760913
1523,110864.8104624086
1524,122556.69745185261
1525,120711.25173697948
1526,111071.23821288916
1527,105174.92706398378
1528,140571.0473713687
1529,148969.5674155162
1530,188564.6116039802
1531,105871.38587622598
1532,96938.7714992278
1533,145285.60076735273
1534,126680.08600368591
1535,151264.3485432386
1536,108491.51573510855
1537,58923.328539806134
1538,145169.14406287912
1539,185973.880823196
1540,92917.0667758845
1541,134493.43236005012
1542,142822.77219335115
1543,186291.38302137825
1544,88570.16798830155
1545,114888.0002026085
1546,129177.25241005301
1547,128318.33910445347
1548,138097.92146694352
1549,118419.74216208795
1550,129282.69436670217
1551,109199.392455393
1552,133916.17935407255
1553,144288.0899786281
1554,117127.33065259349
1555,156486.023964604
1556,83609.32424776399
1557,106309.00273849885
1558,101321.44811682304
1559,54764.25311245495
1560,131879.8805462062
1561,119830.20231597505
1562,127358.38193804155
1563,119160.18289540678
1564,156421.3993511998
1565,143895.0372427174
1566,236408.05930024077
1567,77015.89478151582
1568,231076.40045022318
1569,126888.305200655
1570,135673.62084731046
1571,121193.15495266618
1572,144518.37900103812
1573,235628.73145667595
1574,119739.88274990364
1575,233779.9428362828
1576,257976.19308592853
1577,176843.01952969364
1578,144406.02536923395
1579,142431.57253988786
1580,192922.67875727554
1581,155706.46521482713
1582,120852.52584716337
1583,297789.48768404993
1584,217544.37163038916
1585,135012.88844072685
1586,67684.01783436968
1587,99319.84249557987
1588,156613.33362066312
1589,98145.0438113171
1590,135003.9402052631
1591,91636.70520765548
1592,116963.00331480135
1593,121797.57492135078
1594,132669.1690841369
1595,100414.76303898072
1596,225259.06090440074
1597,193480.23885754013
1598,224799.1775817328
1599,164703.25442476894
1600,154213.61632052046
1601,69516.93778469661
1602,114124.4102648044
1603,70735.21790491979
1604,260875.66018008525
1605,242796.81112292042
1606,167241.1519906004
1607,179426.84400544193
1608,211761.50496609273
1609,180205.37908236208
1610,145295.87927407533
1611,136595.41393370033
1612,169656.8272940327
1613,164785.29235245104
1614,130682.34819545306
1615,94709.97797831612
1616,78750.71090794004
1617,95580.80164115083
1618,123368.32853230326
1619,135058.81601271284
1620,145511.57866927478
1621,136024.96755221824
1622,139419.04746874605
1623,262139.5730097563
1624,215821.97474459326
1625,117595.06533684945
1626,170659.91352967816
1627,193022.13817441755
1628,287480.1225978378
1629,172224.85380440287
1630,350830.5789463221
1631,221127.2742227627
1632,239793.31986359673
1633,166954.10620175436
1634,183422.86400156454
1635,171376.55650418886
1636,149827.74715726098
1637,204852.0823134531
1638,179860.99585361945
1639,189353.5748220974
1640,256634.48721978455
1641,179452.79181554867
1642,236524.31819906025
1643,213549.05807072934
1644,231903.52440934454
1645,199276.33632445155
1646,156788.94589716673
1647,156534.8727745974
1648,130637.90639680593
1649,139442.55942627642
1650,110803.36069120845
1651,121452.05841102629
1652,98250.81651932193
1653,101274.32314195772
1654,140468.60405149098
1655,131516.73422811198
1656,135794.60700574395
1657,140953.36896444715
1658,139380.02000254762
1659,116374.2626949529
1660,152036.1203521483
1661,430949.2071213053
1662,403819.7725893297
1663,369400.1899743104
1664,513872.4062513885
1665,300632.8917101682
1666,323987.29037644895
1667,385594.83604617877
1668,336844.26203842135
1669,300707.6473369932
1670,334517.3434769437
1671,257540.28899500135
1672,421672.17938363965
1673,285258.92916870123
1674,235990.08920090756
1675,192633.88177697125
1676,191227.20151326628
1677,215253.06508890528
1678,469059.3908774666
1679,387003.5049421042
1680,320657.9761228543
1681,238960.41704737511
1682,311991.2696673557
1683,181673.6404210795
1684,173144.3502207974
1685,170115.87423215233
1686,165814.5324322517
1687,167034.62477595694
1688,188519.6746585383
1689,193238.38975950904
1690,194437.4429417459
1691,182388.3559972879
1692,261359.81691172908
1693,163188.5231806419
1694,179611.74746801698
1695,160612.2598614527
1696,269988.75267993903
1697,167546.84232918263
1698,335340.1902118261
1699,287719.8620676204
1700,245767.42028201005
1701,267207.4744238457
1702,237162.37513407005
1703,234132.00429082668
1704,274549.2035656681
1705,232051.6905835654
1706,430574.60595888254
1707,208960.03893301546
1708,197174.5721883385
1709,264649.2273659932
1710,218377.73201913075
1711,270351.28345393774
1712,253754.5908354344
1713,277260.8894186496
1714,221633.77233789596
1715,202434.10566344246
1716,184501.18229252583
1717,174063.8150274804
1718,136458.64206210207
1719,209967.38216423112
1720,238445.96590350143
1721,163642.23167971394
1722,126009.89312426333
1723,153982.75055293916
1724,203595.2440045901
1725,233149.2092590884
1726,187357.21745246576
1727,153378.4054184159
1728,172044.46559670754
1729,161952.1533088728
1730,159846.2050355774
1731,118175.02196282687
1732,125884.83580547494
1733,112439.45363003912
1734,120161.61201455744
1735,126200.64892716518
1736,106545.30565492818
1737,309343.7476201461
1738,242268.7155190814
1739,255247.36520688294
1740,217917.29043826883
1741,190360.22300615237
1742,170703.2526553276
1743,176456.5597550289
1744,325623.45548264874
1745,220423.3683749306
1746,186395.6780796303
1747,211084.99855765566
1748,226491.8082634433
1749,140297.92756850083
1750,124672.1167838595
1751,258158.1406230095
1752,116150.09914736272
1753,153505.39288130973
1754,195500.1261963159
1755,165535.44064737845
1756,124956.78760204675
1757,119112.64473662598
1758,141791.89587675766
1759,154742.559167625
1760,162822.352781202
1761,150001.0093806365
1762,176509.40895357827
1763,183429.93479524547
1764,110881.0432891533
1765,173929.141404134
1766,192328.32137645665
1767,229033.2159381517
1768,140051.3006983674
1769,171566.88676164954
1770,151535.37090688
1771,125654.51116154708
1772,131722.25165585193
1773,123583.39130998432
1774,145732.85173458932
1775,137977.5171514527
1776,122879.38835634202
1777,107884.87590980374
1778,139595.88868679915
1779,115844.28930470429
1780,177512.84608399394
1781,126065.01366611145
1782,88209.29813292244
1783,140296.76958508202
1784,106535.30725455788
1785,128743.05626763812
1786,132265.94716271694
1787,161755.55553624837
1788,62811.762422993874
1789,98929.36323357995
1790,81036.78775266386
1791,187988.9627353108
1792,164706.75510535578
1793,126977.14162999234
1794,152236.91148984336
1795,134897.04962196693
1796,121288.20984074112
1797,112808.39921854527
1798,121863.14737884462
1799,109769.591562585
1800,125882.17132049313
1801,128269.98238264729
1802,133237.43370432156
1803,147977.3975201618
1804,136998.83833522172
1805,135575.1884148292
1806,128298.77115560397
1807,132231.53502638216
1808,118821.00471347864
1809,119838.63804222837
1810,132986.72229105857
1811,92108.11654486856
1812,97511.07882957834
1813,120426.38430938343
1814,96017.44136589006
1815,57237.38363979835
1816,100773.42584952655
1817,101713.72259301343
1818,145526.92824811357
1819,124498.40359800067
1820,51105.48656550689
1821,116470.60240246396
1822,150613.5394776364
1823,41195.248740987365
1824,129448.02726999435
1825,134434.80672629655
1826,100748.49953861906
1827,101624.43968626302
1828,134933.8524362191
1829,130229.90991849193
1830,140519.76004828786
1831,141309.84120569174
1832,67627.42617537726
1833,138169.38968028143
1834,116122.77304595041
1835,120462.77817656937
1836,127752.78501175003
1837,87774.24254188279
1838,126323.92841452894
1839,100637.93012828006
1840,138494.30139217252
1841,137785.71806214144
1842,89478.91313468237
1843,126956.97908900668
1844,134717.91874433617
1845,139563.36460873886
1846,154133.07728742817
1847,162448.60680623804
1848,50204.96410879108
1849,113601.10111902129
1850,115875.25745912737
1851,153720.2264208062
1852,122277.53736290151
1853,122847.45883749796
1854,165908.26086587025
1855,139437.312978159
1856,226968.99016400895
1857,147432.81701329607
1858,139464.845078341
1859,117252.48271637087
1860,140272.46905757496
1861,116475.5007688675
1862,323233.3456120438
1863,302625.1769793226
1864,302718.22586399555
1865,347278.9007282626
1866,334487.45454371505
1867,223886.43470148335
1868,291359.55693685287
1869,199861.44561577245
1870,223081.17548761537
1871,252274.16077458384
1872,170369.99890276053
1873,237062.6964995935
1874,154484.23916805777
1875,200027.52537818567
1876,199252.83429673675
1877,209412.43135757948
1878,204147.1459286832
1879,126316.34292291483
1880,130746.87155514103
1881,245874.61835475522
1882,245940.47425892152
1883,185666.8266481115
1884,204161.35472756528
1885,242283.78591673006
1886,287482.53495010175
1887,213103.42171762203
1888,269930.16867730755
1889,167097.43063656334
1890,118541.11084758853
1891,129528.66493927759
1892,96057.21580577562
1893,127241.69876178284
1894,122064.89738833033
1895,132278.36806479737
1896,124721.22609667189
1897,113668.7602378782
1898,112205.38555539657
1899,159048.7251170098
1900,153741.01151698356
1901,165701.55523335226
1902,158605.85447533053
1903,212700.01477542848
1904,141901.95217181952
1905,203879.19848230272
1906,162535.74033358865
1907,222249.18547074575
1908,108733.77796711335
1909,127513.19806104044
1910,118115.99654163203
1911,218415.23171488754
1912,344629.6322065632
1913,142338.30265916692
1914,59720.30142647594
1915,300464.59078764677
1916,68582.15576989371
1917,246383.03579310823
1918,141563.04788167414
1919,183441.4008754467
1920,160106.77655596338
1921,376714.08464120445
1922,313272.25575308834
1923,235036.7583132821
1924,225774.4876383511
1925,194435.91149832078
1926,375005.49486011517
1927,131398.43879467517
1928,153702.71035850747
1929,126397.9379081301
1930,122751.12263894986
1931,140783.91040526598
1932,137589.7143011957
1933,179814.51812450058
1934,181356.7788284845
1935,165950.05498835104
1936,195765.47698408237
1937,182691.66176172878
1938,169138.0624070986
1939,234433.113820059
1940,189325.96206125995
1941,168596.27066433636
1942,182368.62823004893
1943,210890.72855342028
1944,361582.83028261614
1945,385951.19206392555
1946,129303.05962818123
1947,307989.294618122
1948,169903.57279678018
1949,246114.29378806308
1950,186024.25182934306
1951,242219.0034362371
1952,208688.99428990684
1953,165971.4259650009
1954,180804.65247783394
1955,133473.24015478534
1956,318775.5573812269
1957,152608.5874776239
1958,304875.9372862699
1959,143207.59865081593
1960,115777.91266826759
1961,114062.86288518479
1962,98532.81030914343
1963,108350.47560118054
1964,104966.98033447507
1965,138264.37275519574
1966,134205.2747090536
1967,287054.14879797015
1968,424715.38608435856
1969,379638.2922059452
1970,412034.1045949287
1971,482009.67998376867
1972,370896.1262188385
1973,258537.096914481
1974,330529.7135469764
1975,554609.4185953792
1976,266523.58865144156
1977,356108.6207315743
1978,346999.2160620452
1979,319826.9622514085
1980,201622.29638458588
1981,341986.79806220095
1982,210568.0874262462
1983,196949.14388782144
1984,169051.49197053336
1985,226038.99955670338
1986,204147.21078527856
1987,180577.09527482596
1988,171722.58895732687
1989,191579.85931395934
1990,205338.07839669345
1991,228690.27267806086
1992,217812.0949279694
1993,165384.93264912764
1994,235241.58784617798
1995,183223.59376701765
1996,245579.60907198826
1997,308009.6183513359
1998,303122.9169162677
1999,260419.56052343932
2000,311296.33565463586
2001,259307.46143036094
2002,232095.905084428
2003,253347.58997079032
2004,281634.4793041131
2005,219016.1640522827
2006,219092.62344067122
2007,249290.47612327585
2008,212241.83650343743
2009,192070.1258421845
2010,193751.6865429895
2011,140919.5197816364
2012,169031.0394249597
2013,172847.97934858483
2014,183348.16225129616
2015,199979.1457770486
2016,187484.85801983887
2017,190881.6610140341
2018,113097.33271232135
2019,131449.4780390512
2020,106130.59649168137
2021,97211.91514440069
2022,182216.5980011943
2023,140259.2412509598
2024,269020.99377360696
2025,345703.28344898106
2026,173266.03621162355
2027,156516.8118715071
2028,148893.30706797855
2029,165089.08665344835
2030,268394.938723889
2031,234548.6919714528
2032,250945.47743976096
2033,254133.72451713128
2034,168764.5659693471
2035,221443.5672863622
2036,202179.9483500988
2037,211317.88102606352
2038,331750.74795874336
2039,225378.6869708869
2040,283036.6801120137
2041,299000.011286816
2042,206721.04581957718
2043,178231.39738260646
2044,176519.67824425315
2045,210660.79518347772
2046,148855.8833223442
2047,144655.94855553057
2048,138137.7176725759
2049,145680.56424210547
2050,172950.87824330025
2051,102732.43246561267
2052,120316.4666262868
2053,147878.62576060172
2054,93558.11936158867
2055,152669.2465909473
2056,142467.53726221056
2057,109606.13172701944
2058,216606.28476970218
2059,127656.83323517887
2060,176247.80107530006
2061,177044.17808408762
2062,126197.7163519758
2063,114564.66422356786
2064,134984.44600916863
2065,117041.50424301364
2066,158597.25615431697
2067,116765.40559053194
2068,147928.45055944548
2069,88625.96122587204
2070,117333.28707700773
2071,98725.40366455575
2072,139338.64242116603
2073,129607.26639699412
2074,186462.50008576308
2075,150680.61925316692
2076,112735.97194149197
2077,155015.57619393925
2078,122642.14554385749
2079,130920.94162492322
2080,117997.56774456166
2081,125430.34207231051
2082,117855.15584935718
2083,144226.6756574111
2084,106777.08034669103
2085,114289.0892765946
2086,108847.57900444997
2087,122809.17364864881
2088,97774.3521830865
2089,78330.6354053365
2090,121931.77485804516
2091,105990.96269145406
2092,120635.04600887813
2093,115729.12877020497
2094,107374.9642556059
2095,143163.88805518288
2096,83477.08816241121
2097,97783.5422682669
2098,146829.94944161837
2099,56114.06094284897
2100,67282.27945431517
2101,109952.74499050148
2102,126805.0625614923
2103,101250.8874386257
2104,142446.1409156605
2105,124841.88738417889
2106,60346.09079679432
2107,185653.29714509068
2108,115636.9020572828
2109,110238.86772505946
2110,131155.1876564796
2111,135921.96795783832
2112,135084.66156631114
2113,118419.06945206352
2114,120121.10539894717
2115,161318.57392616366
2116,115478.9797954068
2117,145234.38970607214
2118,120859.57626070242
2119,116351.26263543483
2120,111826.99410546238
2121,88928.09834839578
2122,119299.40162261322
2123,81288.62768846488
2124,150918.78716686126
2125,124740.52847842942
2126,142797.60502137605
2127,164580.5027469394
2128,126850.38462361731
2129,93160.91949968421
2130,134552.72847219513
2131,136574.69705223315
2132,112630.99947567371
2133,122593.86554361522
2134,118521.93406818649
2135,93220.67479734636
2136,75214.08875269786
2137,105659.16638336254
2138,128290.0824260808
2139,147220.42188618204
2140,138625.5735379852
2141,159240.4272877869
2142,124086.58014305988
2143,143818.1519580846
2144,126754.32490664472
2145,138013.2714222925
2146,173558.35263786383
2147,134090.2113514829
2148,131354.60355348437
2149,150874.28692174001
2150,224867.18833573227
2151,116546.08540017813
2152,179790.6775850824
2153,162279.9316971406
2154,104315.93697681301
2155,145392.924606411
2156,262125.10713616697
2157,231028.87900338953
2158,236495.3279409032
2159,209838.03331608305
2160,180700.53197331863
2161,235318.3691523396
2162,397292.8427881564
2163,341743.4788250894
2164,248006.91691778981
2165,197115.08560688127
2166,158866.3852925593
2167,219052.17976304388
2168,190940.70046398454
2169,192445.78711527612
2170,212144.38285027258
2171,154998.87261137285
2172,128529.27381410442
2173,164477.3027767154
2174,224327.61688756678
2175,296290.8011564223
2176,309336.39639186754
2177,234347.62856123334
2178,210969.7988730131
2179,135159.64597550753
2180,210744.57344800746
2181,192223.44310449756
2182,226840.3718478667
2183,187481.82479217448
2184,120443.84922008956
2185,124262.06280925023
2186,147769.88875176435
2187,152213.56374262294
2188,152947.10586559938
2189,325684.5803543944
2190,77731.20031397864
2191,79458.41575390502
2192,87050.43311606611
2193,111354.59617379754
2194,100396.87279207094
2195,104772.96423145072
2196,98282.51599031102
2197,121604.21099565778
2198,156637.40842819522
2199,168979.55971633617
2200,147886.471665798
2201,144046.40460746913
2202,210130.3409763906
2203,129164.48677565042
2204,172450.1823318178
2205,119273.459260164
2206,137858.39329877647
2207,213135.65389028596
2208,267322.19900779676
2209,250397.87590864042
2210,117575.48177732024
2211,116942.78711231494
2212,120273.24265808208
2213,102513.1069695275
2214,132833.61762959827
2215,98751.28777925283
2216,144918.83499357192
2217,65121.31969403019
2218,68941.90501814842
2219,66090.1128984724
2220,65873.54599974923
2221,301284.81642635184
2222,275867.7104048718
2223,289122.4560005812
2224,208519.54356563027
2225,121211.93230124793
2226,186760.86810529855
2227,190123.28299891812
2228,263652.0533050533
2229,255218.24617410585
2230,145344.16018263006
2231,209917.0366634984
2232,176400.5021367614
2233,178345.14247866452
2234,237449.18607976934
2235,218302.80329492007
2236,260112.4953294287
2237,317446.00327807956
2238,196686.6347427705
2239,111857.2300048591
2240,153182.44890162675
2241,155879.1482513258
2242,123306.1034237982
2243,130193.09696779454
2244,105526.77338512626
2245,102908.60478892211
2246,139472.99273800608
2247,116591.97720266007
2248,120894.53210250834
2249,116493.59657125994
2250,125850.90983224405
2251,95760.59438598092
2252,183633.88241006742
2253,147115.16204012244
2254,174395.65085599627
2255,182031.60838166525
2256,171188.9413671168
2257,209516.27725645158
2258,155269.21917750483
2259,174213.53346423875
2260,158469.8234568576
2261,187875.28977408234
2262,210053.15956378164
2263,375295.26825772045
2264,495693.74168338405
2265,181455.3796066383
2266,302178.99109654117
2267,377578.59685272945
2268,426755.1475163697
2269,149100.50460436547
2270,194869.23405014677
2271,212896.06985536753
2272,192216.50199053268
2273,160432.3386331431
2274,180753.04945358846
2275,156763.86847577034
2276,187185.15421651583
2277,182295.00145062324
2278,145413.97220654666
2279,123024.42556698034
2280,120958.40686707312
2281,164638.50352071293
2282,186591.5135771263
2283,109413.49836322748
2284,113231.10815404476
2285,139032.4554044259
2286,121994.26481375324
2287,369076.3604250226
2288,269931.19360050024
2289,366268.6696990168
2290,459370.7623813368
2291,327143.8887653448
2292,442421.5833576844
2293,476801.4098691165
2294,400173.42000622564
2295,484526.8436413455
2296,288899.2623300899
2297,340145.47677890834
2298,334274.96006418107
2299,351310.8344414734
2300,333017.7178102375
2301,306915.2066104936
2302,242935.56281351732
2303,236553.17097794783
2304,248309.901666757
2305,195272.40263565915
2306,188327.27413080406
2307,194685.93497644586
2308,221409.7673984534
2309,276085.8606232478
2310,204488.76594532354
2311,200901.60886000178
2312,171993.95299467628
2313,168386.37496146554
2314,173973.81524204876
2315,178785.52156042078
2316,198867.5567651416
2317,187102.10190783028
2318,178682.9909327387
2319,182377.48310209197
2320,185777.71516953484
2321,235467.99219600813
2322,177878.99143980697
2323,191331.988747645
2324,175792.16316235313
2325,214469.8265065152
2326,170365.6202068121
2327,198168.95065269718
2328,220762.02525913066
2329,191447.8118299923
2330,182383.96950402984
2331,331536.54703004676
2332,391920.31469481956
2333,313003.04603725293
2334,244923.6487913439
2335,269442.6236925004
2336,299634.49356560817
2337,197580.10567838085
2338,261980.5441113125
2339,213966.8666928564
2340,402365.1869200745
2341,215615.2021981604
2342,229670.58813808303
2343,220974.8458628493
2344,216684.51438781692
2345,230837.17778478068
2346,212501.10969731965
2347,197588.07676139197
2348,241993.9311196256
2349,175715.96873808798
2350,314213.87042743486
2351,255924.4545449865
2352,252690.52953036706
2353,241543.26412030953
2354,141430.81518608323
2355,145132.67608401008
2356,149825.41861254675
2357,184931.88722744418
2358,194946.85086614318
2359,133976.58218434307
2360,113240.54469885949
2361,144935.55152463535
2362,273225.17520515725
2363,135390.9514329289
2364,153843.38401194994
2365,217140.94544900552
2366,190167.7452468122
2367,219971.9192611406
2368,215323.9224610113
2369,215820.8713951896
2370,164111.0273030899
2371,162430.627410359
2372,191958.74045705196
2373,281213.5562154538
2374,311990.80794438306
2375,250173.18265342523
2376,285754.66378037503
2377,344659.079529542
2378,143025.4863726855
2379,206583.4665400313
2380,149116.6265333599
2381,172761.93726400792
2382,201477.72432942264
2383,204009.59195082315
2384,248822.3683980126
2385,157428.20012743183
2386,132100.11276840372
2387,133458.44034128604
2388,104832.10474415151
2389,111557.82955324581
2390,140007.85048671323
2391,140033.2852839816
2392,112635.61794135466
2393,165995.5137808395
2394,140474.0724618288
2395,210691.61146513
2396,140325.5577222021
2397,225151.5211155012
2398,132401.26257939136
2399,66574.4784330354
2400,65851.51710432171
2401,122233.30960973733
2402,135072.38398748144
2403,146196.29418585444
2404,149596.96325943831
2405,156114.51743404253
2406,139843.5110163912
2407,125107.49940779476
2408,146783.2788011022
2409,118747.58495190906
2410,166010.56968777394
2411,110651.33018754201
2412,157568.4840796978
2413,126874.1729047767
2414,154354.56697759617
2415,133906.30782193318
2416,124054.41718468594
2417,126944.87154048626
2418,128530.00179369215
2419,124942.3026604641
2420,116503.23968222478
2421,149455.24943994867
2422,106209.52723447255
2423,112813.40841857444
2424,160652.742947114
2425,201900.88758421756
2426,132278.58578416688
2427,127455.09026638886
2428,176637.35381891235
2429,110172.56115096799
2430,130989.13255386078
2431,102239.0493366632
2432,147259.8405955628
2433,144939.86070141426
2434,137324.68599348533
2435,152465.4929683025
2436,102122.16726861072
2437,99907.86836954343
2438,120258.56696967976
2439,103651.60809587386
2440,122129.93259182596
2441,95480.35148466776
2442,98438.70624933844
2443,125129.37019617866
2444,128746.71809958621
2445,90003.65321947847
2446,136728.30245252434
2447,173678.39542318744
2448,122973.8400870871
2449,109238.71482459779
2450,151002.28235989469
2451,115173.11572138581
2452,190026.63332590435
2453,92023.93576318905
2454,120239.26084288536
2455,121440.13695955934
2456,134899.72642548717
2457,133355.1242524608
2458,125533.21356827527
2459,109524.54908192057
2460,137743.43622011537
2461,124221.66874972872
2462,134774.4980160749
2463,119788.00973973988
2464,171815.60398938725
2465,142932.51310053386
2466,115459.0141542787
2467,126492.30030478779
2468,79893.7891549214
2469,80192.4435503782
2470,192888.15950969153
2471,213274.02852533213
2472,162723.1364632705
2473,115015.7025740045
2474,65943.67435579296
2475,216000.41116046128
2476,114433.21707316069
2477,126569.18366142758
2478,153007.59148321237
2479,101612.55911435025
2480,150515.9126369559
2481,118166.15093264739
2482,125125.87949567728
2483,107988.1986636057
2484,118725.69981081781
2485,120850.93674161495
2486,148212.901990002
2487,164672.74292996232
2488,160788.12763497472
2489,150847.3263799587
2490,138391.5174510637
2491,92232.44038488378
2492,184932.29049914127
2493,144253.6894708372
2494,148055.94898431058
2495,88675.50191806807
2496,230326.67924220805
2497,155535.74661858665
2498,103313.03584809117
2499,86070.90394264477
2500,119061.25948084389
2501,136793.51451769282
2502,149969.88836927467
2503,97188.04598429246
2504,186203.75944263238
2505,222450.02031641878
2506,252228.44080612418
2507,285707.00004790875
2508,253469.79350102192
2509,216589.3655478298
2510,213760.14449624196
2511,172196.06853857293
2512,208556.9285360715
2513,224322.73999978328
2514,248143.3033240036
2515,145458.830799881
2516,172166.14857905445
2517,147977.24289837817
2518,155198.49840763127
2519,233061.19799660722
2520,215383.0290327497
2521,186004.6822443275
2522,222999.14538365544
2523,116910.40780873748
2524,130865.1131272907
2525,144189.07671135012
2526,133044.99366573902
2527,113778.69803536205
2528,124191.96267274876
2529,130095.65197165583
2530,119471.26803374222
2531,260235.59136445454
2532,224734.58818967344
2533,192356.45058113427
2534,230404.024389968
2535,299620.60043074563
2536,227656.20678048776
2537,243890.4792502068
2538,180900.44619285894
2539,186403.102667923
2540,178119.94238791353
2541,175584.41696616306
2542,159768.64663072195
2543,120504.03555109254
2544,119627.57640296276
2545,136287.55191104437
2546,124587.22170076065
2547,136079.21628864232
2548,160960.90865665372
2549,154696.29955166357
2550,1026388.8423843784
2551,136844.38746699583
2552,128761.2760788677
2553,73510.42632236879
2554,91728.33795279308
2555,117781.34726551417
2556,98365.66956672088
2557,105105.68362392792
2558,145604.98269393577
2559,140849.35980518325
2560,148891.64593636742
2561,142723.73796999277
2562,137365.2725162949
2563,149196.84062046304
2564,196891.88217289434
2565,134045.70703678133
2566,155374.68411221454
2567,141741.54791298558
2568,200416.5248782045
2569,231675.95503746587
2570,113374.2371095571
2571,192388.1373990475
2572,148791.35344637683
2573,229577.05260071272
2574,301631.72276524664
2575,126299.0244866463
2576,115713.93330343712
2577,139278.33336822383
2578,84583.73246552148
2579,64212.21601917307
2580,85573.19667082497
2581,96833.0130292717
2582,104003.74944996562
2583,287808.1314357051
2584,179968.58117397458
2585,186833.1248633676
2586,229021.97228145157
2587,199786.23740866303
2588,139206.83787136487
2589,147806.3693346748
2590,199636.631564723
2591,231064.62043928812
2592,211664.58543383708
2593,249199.09056257896
2594,178115.49139005638
2595,197773.6867282267
2596,292953.0511063942
2597,181489.56981266715
2598,283572.30216983944
2599,344111.25058632344
2600,176858.50404743914
2601,139934.92775535447
2602,84385.44365085285
2603,93284.84943217962
2604,90297.60520451855
2605,82741.89837359746
2606,142734.9061978517
2607,207483.12318616826
2608,197081.40700418386
2609,171573.40368481964
2610,108770.07045318076
2611,121012.07138709005
2612,162660.11674299036
2613,127824.86585000643
2614,120833.72180222873
2615,149003.688944094
2616,141774.23846523731
2617,184361.04661806056
2618,210945.25102734746
2619,200947.53300585473
2620,186028.7306938247
2621,171414.5987959925
2622,178788.8874402532
2623,238211.88165404362
2624,306959.49757411325
2625,297429.1747164663
2626,171323.24047797685
2627,159473.9209296833
2628,482389.06914822856
2629,526533.892584452
2630,373181.50745112053
2631,505618.506920663
2632,418710.1240307021
2633,304374.4888201333
2634,431305.7421467149
2635,158054.52913070854
2636,172990.27827586434
2637,181066.1766564405
2638,262527.180178263
2639,183927.78097937282
2640,148638.75657786927
2641,99729.48126617038
2642,191679.81645775956
2643,103606.24108563016
2644,114306.52242980801
2645,110068.92375246627
2646,95334.63189548046
2647,104794.97828527603
2648,139222.41338486542
2649,151845.30622430696
2650,133159.34549656653
2651,133850.42895664353
2652,407617.0376701799
2653,245115.10961211717
2654,250248.58087979935
2655,395793.976816814
2656,322435.59591140156
2657,353870.70533734345
2658,303013.0898891281
2659,300816.9412026853
2660,357423.984774147
2661,351940.2800360328
2662,363627.75844115886
2663,285793.89033047477
2664,264390.50368068274
2665,326376.6986016027
2666,276468.55384155957
2667,169259.0070715385
2668,177035.43972173161
2669,183246.33062405858
2670,279432.3397513552
2671,185263.55423117615
2672,190511.39947038642
2673,194821.32364869033
2674,189151.86932149358
2675,170502.54515871344
2676,189837.97997522005
2677,198387.8965168143
2678,256033.11604883295
2679,260722.47872205364
2680,274100.043991161
2681,396682.5239505279
2682,311970.84710809035
2683,512690.79975801054
2684,307541.7076239431
2685,320198.43648956344
2686,244746.62063513068
2687,309399.2889007639
2688,211538.32988189568
2689,206059.4183151448
2690,441551.979762794
2691,184645.13962014238
2692,140880.53021402733
2693,200410.68332733706
2694,140166.42778219134
2695,189545.65691720461
2696,180223.3353639137
2697,185583.9326214124
2698,192495.69846685068
2699,172320.16598206284
2700,152867.09193772404
2701,146413.10196705765
2702,107719.99329949493
2703,127917.20190059884
2704,134150.564130453
2705,112588.4292235856
2706,110231.84633651415
2707,122188.5781765272
2708,131184.6683291107
2709,102713.77850662357
2710,123362.33104338318
2711,276346.01229971735
2712,377259.98348707834
2713,168910.04718226416
2714,150514.90840561557
2715,168668.60473966086
2716,145378.36018355482
2717,194758.96898165753
2718,216008.08918497912
2719,153788.28008339443
2720,171308.8809474276
2721,127239.50620847827
2722,158363.13074890125
2723,137980.17584191967
2724,125194.4252421216
2725,127177.61247213707
2726,149519.61438388025
2727,172900.48679279716
2728,176668.44161038267
2729,145464.07775718794
2730,145889.83604479922
2731,131151.63711756255
2732,133591.13532216422
2733,155920.59311422904
2734,140851.70848691175
2735,133300.43110838695
2736,134202.07471315196
2737,118406.89643485266
2738,137741.48730696886
2739,155717.91310135572
2740,135646.93375889648
2741,142652.77715141405
2742,150814.25831831488
2743,157225.36844069688
2744,163003.72424228818
2745,137134.48603421755
2746,137752.92256558794
2747,138588.0677145848
2748,115316.94835331044
2749,125906.0891565105
2750,127291.77414203969
2751,134331.47481875695
2752,197262.3854464156
2753,136917.68273559344
2754,223060.66984917226
2755,134174.99552841563
2756,100405.6422534436
2757,71658.94482570968
2758,90650.45306495196
2759,155571.51913427425
2760,118964.63162065623
2761,140403.91339913206
2762,145073.13210947497
2763,184148.62870975427
2764,146382.1802249993
2765,296147.205311283
2766,130537.86298934593
2767,84541.13261454295
2768,127313.69013037508
2769,130267.37468008792
2770,136550.91578461567
2771,102944.40311424846
2772,108654.80792513714
2773,159850.58366888075
2774,146052.6686590774
2775,115343.50363260448
2776,138725.316399046
2777,138577.2212052544
2778,105941.23735286394
2779,121549.0744042128
2780,97903.73044500763
2781,98019.12956320615
2782,96805.31941596529
2783,97602.65395682733
2784,118847.0906093157
2785,133749.464974555
2786,69737.54591096178
2787,124574.92244059264
2788,75502.19947167391
2789,168732.90596588686
2790,92261.74063798279
2791,106379.8526469937
2792,54778.97426858931
2793,156994.31160759283
2794,96031.71447484297
2795,118441.99277383077
2796,98656.16277576823
2797,209343.9332037543
2798,103084.68354624411
2799,111882.03689376656
2800,66958.88417033729
2801,110116.46334741032
2802,124813.34879593979
2803,173039.85739449275
2804,128080.89675715682
2805,98903.7783844456
2806,82021.98197068463
2807,160103.6591568616
2808,142831.84675550228
2809,128698.39474995517
2810,122011.91349035485
2811,154509.59599900694
2812,167149.89587397652
2813,155618.06865072492
2814,156008.35413269905
2815,98025.16673433248
2816,226151.87214466016
2817,145318.87759778067
2818,130823.79686274935
2819,165702.4756911979
2820,134857.6075833418
2821,104322.76070526351
2822,194707.30742232891
2823,343179.0566397757
2824,177382.26914376044
2825,145333.60807920646
2826,132924.5749913292
2827,138827.0060515094
2828,221943.84561964337
2829,214957.40555270299
2830,232579.2964392903
2831,168126.41840529884
2832,246122.0848527441
2833,305825.0058627872
2834,223826.576280003
2835,220642.6610908523
2836,188412.86348174594
2837,154657.24542060247
2838,149420.02394359937
2839,168295.82482031852
2840,202892.80090960313
2841,201356.38849712428
2842,231373.69189293188
2843,148116.31689615204
2844,170993.44773829874
2845,125675.12858924716
2846,205725.6728652196
2847,204264.37123197268
2848,219015.064373707
2849,196315.9395858143
2850,279698.1204082184
2851,215604.4698795484
2852,237802.3099065451
2853,233495.88022188225
2854,134223.6914781091
2855,199513.68591467352
2856,200890.2774563468
2857,185014.33387299368
2858,208415.99506762825
2859,106263.12833001114
2860,125984.4835704653
2861,125574.01539954016
2862,186403.32719878622
2863,127181.71564001894
2864,245549.23293614594
2865,139569.82113446732
2866,147176.0640333074
2867,99214.32674627245
2868,93793.7323938032
2869,96811.70320751457
2870,115246.93410414868
2871,79705.158626403
2872,54586.001753694836
2873,97063.3706137795
2874,137651.2212698008
2875,114309.10270679086
2876,159758.9123306179
2877,144536.44871710887
2878,161296.2329315738
2879,136524.05941619544
2880,101003.26745472976
2881,144378.7622498589
2882,173888.67413135394
2883,188806.6030943174
2884,196944.4995908141
2885,183448.06315486305
2886,231376.3049778203
2887,97863.76612690241
2888,140007.52200268258
2889,58274.06411395275
2890,82058.93440009275
2891,135941.80877875732
2892,44135.331006145556
2893,68204.13447269834
2894,54894.39763967866
2895,336065.63605595403
2896,279711.4207966559
2897,209388.58732195018
2898,150790.30628127154
2899,204204.4321829865
2900,156788.93992232415
2901,209658.56390033796
2902,186413.28640591766
2903,324734.17781980993
2904,355367.9459417973
2905,89916.11067113481
2906,195340.79138659922
2907,111924.45065822394
2908,128007.08775869786
2909,153390.8283342681
2910,78534.31351234388
2911,82188.3372556337
2912,144963.0404529751
2913,83319.43589464409
2914,80043.59401280041
2915,88569.49216440278
2916,83633.67285166816
2917,169133.33317820376
2918,114757.76376610399
2919,225279.42763752164
