Id,SalePrice
1461,119981.57298689059
1462,159645.71442778112
1463,187364.86073973877
1464,199099.6017932505
1465,188566.2920385865
1466,168960.3304851199
1467,172907.266894332
1468,159194.88372466806
1469,198778.41395498856
1470,117975.45809647665
1471,180845.98099916882
1472,97727.68041807038
1473,95471.1341119723
1474,142226.963893265
1475,108187.01574997883
1476,364138.602764598
1477,242156.5677291187
1478,291413.0442198122
1479,292035.8554690465
1480,493431.6759698802
1481,324319.6311706995
1482,207880.93138158668
1483,180163.80825889684
1484,159052.4464678093
1485,184003.2862853229
1486,194669.24513406455
1487,338685.51082497113
1488,243829.4745490914
1489,195108.69029154442
1490,247898.22955377254
1491,193115.15979478945
1492,95021.45453895249
1493,176739.28861605213
1494,283274.5812053933
1495,283727.8455774084
1496,233676.9686711644
1497,183759.92206234898
1498,163101.2941175113
1499,155854.87501151685
1500,156799.6237543803
1501,176110.75529786624
1502,146359.57773972908
1503,283115.6916980084
1504,240950.30458124625
1505,227345.34745258346
1506,199444.95040462253
1507,251343.87214727575
1508,201996.53580431387
1509,160750.08225036142
1510,148047.0846285436
1511,151025.4192488249
1512,177403.72924913757
1513,150312.38712593217
1514,145678.71818396513
1515,189477.27194506073
1516,152021.8680048336
1517,171170.51627079275
1518,134466.04912462438
1519,208086.54011742762
1520,128602.04015186697
1521,134977.6758734038
1522,182655.52883736775
1523,110209.96397507002
1524,124879.58890108347
1525,120214.59392841595
1526,108582.85555762083
1527,109659.58147259815
1528,131790.9307974498
1529,154070.14619089323
1530,182517.74633541345
1531,113464.66422060982
1532,101267.04727517975
1533,151031.09094513181
1534,119695.98961509814
1535,141881.62009787755
1536,106409.38026796894
1537,58759.12251965897
1538,140344.15092974834
1539,198304.75217540824
1540,97552.20143398491
1541,144876.33070868094
1542,139413.08184950642
1543,185150.6849897928
1544,84930.09714716054
1545,112622.79902456942
1546,134953.23814083915
1547,126840.78202497422
1548,137652.58420523006
1549,124839.3930266182
1550,133434.44322195655
1551,113450.75505903496
1552,142786.3746175695
1553,149971.18734310972
1554,115116.67027116206
1555,166995.1252609355
1556,85721.55321593623
1557,105566.80298932598
1558,103360.48964960322
1559,57336.861182236054
1560,133609.72976894258
1561,123363.57788394006
1562,128855.4135159881
1563,121690.96231741083
1564,158908.79822227935
1565,153306.81919388144
1566,245182.43539732296
1567,80595.02922202508
1568,242592.27553266933
1569,126389.16439450679
1570,137225.35952961622
1571,115290.7865954047
1572,143745.40571093836
1573,248389.5091874074
1574,123702.25360630949
1575,240648.79892837533
1576,256460.76088073716
1577,177003.57048686396
1578,155342.5114486766
1579,146597.76314363332
1580,192417.96310092584
1581,157201.0480090773
1582,121656.47202758865
1583,283289.2027511282
1584,220595.72414059422
1585,135381.65915225452
1586,61365.1957984798
1587,104933.6813660033
1588,154535.35520171383
1589,98213.35265753575
1590,128326.55458116562
1591,95681.28945323582
1592,118704.40317666593
1593,129662.02447118738
1594,127297.30864007685
1595,112788.59625645484
1596,220494.55606391944
1597,202729.87525397202
1598,217136.42180264785
1599,166197.17878992175
1600,155244.68236545086
1601,63262.038188340026
1602,119501.56862291691
1603,75695.10365890079
1604,246242.8153300252
1605,237667.15617172615
1606,164850.00412965278
1607,178136.91855278076
1608,208971.32213631624
1609,179973.15513211134
1610,142343.96663090115
1611,138746.93185418932
1612,175048.904987683
1613,168634.70088397493
1614,126558.71937139943
1615,94854.25433671814
1616,80268.46465884896
1617,92243.8539704088
1618,124208.85199133043
1619,137106.8817805547
1620,144897.5632307585
1621,137550.73061063513
1622,133733.78552753956
1623,263277.9258261701
1624,222838.91945859088
1625,123307.73735093395
1626,163658.87223415214
1627,193749.16368190554
1628,284546.1153949653
1629,172964.0746055498
1630,336938.82808974525
1631,209348.3048822709
1632,232476.72194142896
1633,168876.5757864031
1634,186115.96298042173
1635,170944.86341914837
1636,152555.91012654256
1637,216127.9703717986
1638,178757.25903363505
1639,191791.35967380443
1640,247427.10550169626
1641,181523.3320463243
1642,241100.24383366818
1643,212123.0911936611
1644,231736.91317868483
1645,197237.32513498908
1646,160184.261229914
1647,157694.94205115482
1648,131301.75192989566
1649,139334.28018670596
1650,112536.63139387325
1651,120020.9259895656
1652,96912.19727781383
1653,99511.10232166895
1654,140712.2723649234
1655,132331.54457408466
1656,137220.70064524133
1657,143078.43565558142
1658,143786.97498834456
1659,113166.88926157997
1660,156649.56025755653
1661,411844.40267053136
1662,394460.363433441
1663,371904.28216510423
1664,486381.77969094954
1665,307218.12724536477
1666,333874.1142226436
1667,390024.3337972941
1668,340403.4459673555
1669,303671.3779511699
1670,346458.8333090259
1671,260868.9734161033
1672,415604.4020781165
1673,278156.14741807716
1674,235070.91023118535
1675,197557.2753258022
1676,197649.9188220547
1677,214476.74041237912
1678,449251.4639075694
1679,401076.1905944141
1680,332850.6320139408
1681,250738.13491684297
1682,314551.1781517465
1683,186935.47307553602
1684,166987.2434060898
1685,171141.22638113057
1686,166372.32783568342
1687,162505.4900218945
1688,191122.5471879778
1689,191136.6353172345
1690,192211.61646143522
1691,181797.3547857399
1692,259739.52374162563
1693,161253.59377793537
1694,180461.49702807242
1695,157783.076006467
1696,261783.20712758604
1697,162744.91121955685
1698,335072.8307953651
1699,294107.1082038513
1700,259397.3778404882
1701,271568.9354268402
1702,239215.16123068272
1703,239120.6174023069
1704,275148.9066558709
1705,245511.96977595505
1706,439344.1866874761
1707,217558.88332962312
1708,198751.16485312805
1709,252802.99006403543
1710,219754.87689847336
1711,270438.8278260603
1712,255417.126436652
1713,278283.310247916
1714,218607.82667782425
1715,207104.63332283316
1716,180068.703991615
1717,170009.71653645774
1718,136840.54384967216
1719,208391.20245795566
1720,238114.6132608108
1721,163432.7046283685
1722,126875.80048033861
1723,155086.99151905585
1724,205603.12325721336
1725,239530.10071719548
1726,187141.06202219857
1727,155123.94591014096
1728,170208.52108122347
1729,165059.1424503799
1730,155222.8427724077
1731,122713.01640561619
1732,129314.91487789254
1733,117738.98934251202
1734,125872.32857302351
1735,125641.73462662553
1736,108594.25679819947
1737,304953.40054500604
1738,256741.90078940435
1739,240450.84355635158
1740,221855.5644822962
1741,193234.0886863139
1742,174879.54318302692
1743,177293.7806893592
1744,331353.91422714613
1745,213890.51102538325
1746,179684.65262095645
1747,215879.02287833282
1748,222804.19376027398
1749,146659.29376079113
1750,125535.33745962438
1751,258138.8108381542
1752,115389.22518811125
1753,155474.02441315344
1754,193159.7562049042
1755,173407.14346966663
1756,127821.5513208926
1757,120209.68817465712
1758,144643.55652066923
1759,164279.48962140968
1760,166844.799113055
1761,147445.14845590745
1762,178120.67125561083
1763,188471.78293651028
1764,114342.27345360466
1765,169804.310254372
1766,194649.51396520113
1767,227287.4872038319
1768,143057.12986730217
1769,172614.50076841286
1770,147815.5621233719
1771,124811.23812314839
1772,138148.54927340403
1773,124555.79686227316
1774,152283.98340042116
1775,141773.48329478613
1776,127921.14971467879
1777,107826.97958069156
1778,139879.7101226625
1779,121638.31876033571
1780,175129.4412787474
1781,131441.96328410425
1782,87641.66288249631
1783,143324.72968934893
1784,107670.72885166614
1785,134266.9007175215
1786,134056.7317292145
1787,172607.6283685189
1788,60733.11468107498
1789,101790.96989860457
1790,86002.68480322306
1791,181304.44744209287
1792,167058.5295906102
1793,127805.86848853446
1794,151239.51118976824
1795,134369.54607685213
1796,127290.03475446974
1797,114065.85638620962
1798,123125.04275006158
1799,111624.0053737526
1800,127016.47045701642
1801,123383.41076557494
1802,126871.55613743504
1803,149832.52792856848
1804,138193.19640205664
1805,132634.33607244055
1806,116685.14725446349
1807,131058.89211275322
1808,123129.84423735985
1809,127225.71288218592
1810,133701.80571566545
1811,92283.5325361517
1812,100128.16002156677
1813,119897.57913391695
1814,96949.7208677579
1815,51410.78877477391
1816,107456.01120283615
1817,116209.36729510436
1818,161227.1233865524
1819,125690.98345277726
1820,52256.478051660924
1821,117356.88076043676
1822,152352.44769284924
1823,42076.901862903316
1824,134816.51328518515
1825,136169.95289759192
1826,104776.92235048728
1827,104299.10602730788
1828,128939.21653843066
1829,125031.66448484692
1830,147292.92894035112
1831,136749.83278441068
1832,71830.47734740411
1833,143071.36558755813
1834,115218.8100410002
1835,114948.72932001462
1836,128313.798815037
1837,91507.81662993632
1838,126523.52963388403
1839,96815.1500312076
1840,135958.47714790818
1841,132833.7223984714
1842,89803.37927731071
1843,136264.57049370508
1844,138211.77420125407
1845,145641.53680298312
1846,160486.21956198028
1847,174630.1427469837
1848,47831.42568581189
1849,117613.54179881937
1850,119609.69396458566
1851,161336.10129701992
1852,126020.54397076953
1853,123080.1569562288
1854,162144.7206081505
1855,149711.5376118326
1856,222945.09363297466
1857,165320.2730133703
1858,141767.5210458159
1859,118204.4008768842
1860,147443.73013865453
1861,117317.43245112288
1862,301701.9158999877
1863,276778.79202366684
1864,276865.92005922017
1865,360838.09683162114
1866,334094.6954362558
1867,215992.58925099258
1868,281966.94724477135
1869,198603.08621780504
1870,215249.44327310965
1871,256052.23426864413
1872,171289.0604795295
1873,241965.34707846286
1874,150886.49948798638
1875,195906.9987171182
1876,201931.5082284183
1877,212714.40895134688
1878,215555.40905760214
1879,126259.04715276159
1880,129471.63000407122
1881,243930.73584068386
1882,241920.2267010068
1883,185635.77467710822
1884,204481.7064802203
1885,240962.56845411978
1886,284650.83618927555
1887,217034.81368492538
1888,258641.19675406118
1889,168028.892194364
1890,120205.3877172897
1891,129277.71984661168
1892,94507.57949080958
1893,131285.0939164616
1894,130446.29483160995
1895,139775.86664590737
1896,127341.87773299142
1897,115736.47193583331
1898,112911.82348673638
1899,163978.03601355627
1900,150359.7640155179
1901,172742.47059930285
1902,156254.96595312105
1903,205935.34008637108
1904,144444.91599139106
1905,200714.8391745421
1906,146624.7793834389
1907,220643.39045100193
1908,105919.3599125857
1909,130129.44773862728
1910,119028.45321322697
1911,220582.296540584
1912,335027.77682153677
1913,147574.59602197
1914,53033.75872641812
1915,295357.5932865015
1916,66880.19405223221
1917,234064.59310899032
1918,136775.2041731985
1919,183967.81076594786
1920,160626.2518409073
1921,360458.8975443332
1922,309772.27601176733
1923,233252.86523499718
1924,222664.64906348003
1925,191894.46538226755
1926,366676.9782218611
1927,137146.4702936585
1928,160290.22725065547
1929,129410.01221753056
1930,120693.08525186236
1931,141484.06693186512
1932,135571.0214534438
1933,201467.79688129152
1934,180201.84905931025
1935,171145.75224514402
1936,199674.01116203194
1937,177353.61508531324
1938,169790.67380723558
1939,234064.77450234548
1940,183354.58230109105
1941,174159.2877515994
1942,181965.9406452107
1943,204639.4277521929
1944,358098.3255101581
1945,391870.05314135214
1946,135689.48041602975
1947,302075.65394506964
1948,196554.00753398388
1949,259064.93224636596
1950,188514.194354748
1951,246754.07673675247
1952,212358.31979873928
1953,167408.55253770464
1954,180524.72862272616
1955,140715.71099338977
1956,308530.01761335786
1957,159482.7476789202
1958,287763.3700911105
1959,146414.05960991702
1960,113856.44152832814
1961,114757.97269255303
1962,96465.7173266262
1963,107569.13708333
1964,104457.29257997894
1965,137511.5111019178
1966,133218.63457600403
1967,290500.1434930862
1968,422324.8121826187
1969,387243.01442784094
1970,408325.3348128788
1971,443194.01532632456
1972,367409.563819916
1973,258400.56478285146
1974,336900.7198532946
1975,515327.32925346313
1976,265418.51021808165
1977,347841.24550956755
1978,352259.5928106014
1979,319869.1384651867
1980,201922.29091991353
1981,340037.6632732209
1982,207264.00523926396
1983,195099.7708590379
1984,166696.23130062115
1985,225920.26089387672
1986,200839.1983260718
1987,181054.6243146679
1988,170258.69428216302
1989,191195.55143489357
1990,206677.29927167206
1991,229555.42414254
1992,215744.87178636872
1993,162441.7872882347
1994,229744.43059845085
1995,181196.05272468578
1996,244911.03482104972
1997,315775.90192039486
1998,312628.7905505116
1999,274344.2244286041
2000,311899.94752801117
2001,277071.8839684242
2002,243545.7281593759
2003,253638.01989392185
2004,286109.8354540218
2005,225875.3398529006
2006,218833.51185031765
2007,245721.11568235978
2008,207099.5576501881
2009,193859.1479644481
2010,190597.03892345383
2011,140829.97724545703
2012,166287.26342482216
2013,181111.87057241955
2014,187205.79673632077
2015,208430.88563955086
2016,190609.58206751905
2017,190221.29113414843
2018,119212.98415025778
2019,129997.93192713187
2020,103269.61323937574
2021,97919.04270170009
2022,184957.30769266718
2023,138125.3248617397
2024,270228.8191333973
2025,332021.3169602792
2026,170735.1716844634
2027,154018.80744485155
2028,149755.22154502646
2029,160963.49594543816
2030,263074.03393303364
2031,236611.22216864818
2032,260970.18600904025
2033,257346.68145286423
2034,174297.48671888825
2035,220051.03964742343
2036,193919.55817898674
2037,200581.43401575027
2038,329701.4645521974
2039,222583.00173549057
2040,279855.5062562176
2041,311353.87402196927
2042,207000.82621923916
2043,178392.37617522661
2044,188255.5538037147
2045,210470.77849065166
2046,151033.63822469235
2047,141973.09305587644
2048,136299.54622428239
2049,146822.91366013564
2050,173164.66301367184
2051,100832.55978634939
2052,118944.57571674834
2053,142651.0492879482
2054,94013.71426324021
2055,160156.37964614152
2056,137571.22554886222
2057,112782.10617974286
2058,218838.15473534336
2059,130365.06412430132
2060,172088.37741374082
2061,172994.43891948138
2062,128536.80928280929
2063,117028.24980928445
2064,141434.58233762605
2065,121120.23734598843
2066,165720.7155292938
2067,116910.69835732771
2068,153336.47080384367
2069,86191.30464080373
2070,120935.93075385195
2071,99802.36149649079
2072,137142.59073995092
2073,127872.38830634403
2074,182464.64739363376
2075,149982.71344273334
2076,117763.43041657504
2077,158673.93282109866
2078,122646.5079049993
2079,136083.68033613803
2080,115339.69365719684
2081,123387.59470153521
2082,116070.84615800303
2083,146534.77125449313
2084,109223.57050045067
2085,112865.04431790035
2086,93533.98607318549
2087,112659.29639165774
2088,97384.70127288093
2089,81077.19786603695
2090,120013.97808063618
2091,106885.838094706
2092,117233.14284775042
2093,114732.21948841141
2094,112456.4796074197
2095,143519.56467855556
2096,81609.34483476578
2097,98670.51521382648
2098,150587.22106137135
2099,50327.48763389844
2100,66796.99749688458
2101,110063.6890655384
2102,123572.94421554523
2103,102795.22758956978
2104,141350.1662380814
2105,129744.07265715828
2106,59936.91034102069
2107,183222.89426195988
2108,113295.05276451819
2109,105934.28739313544
2110,133168.1102611815
2111,134674.70996275308
2112,136714.7634718483
2113,114222.20353461048
2114,121409.6671648361
2115,162781.32346313447
2116,118589.46637138633
2117,145887.95111871144
2118,125426.44358792329
2119,115060.71372532779
2120,106881.17957317579
2121,86371.74460246446
2122,122893.1290018692
2123,77064.91834902919
2124,150239.65736038482
2125,127094.48494172805
2126,152745.0233655875
2127,167598.06839219018
2128,127942.40985130872
2129,95357.08853649958
2130,132192.5857733055
2131,133683.13445590512
2132,111152.86807969368
2133,129826.46410186423
2134,127251.83223087121
2135,98373.00323866578
2136,79753.74180848211
2137,106654.01674900224
2138,132329.7258818098
2139,146114.0589919801
2140,136171.21029767502
2141,161822.1184854423
2142,127944.71808288526
2143,145518.90157151816
2144,137315.58065602856
2145,137048.5746298884
2146,181240.5125580611
2147,145164.63036099754
2148,132514.5059777765
2149,155130.23890843298
2150,224553.65035340702
2151,115446.57267090767
2152,188039.0795073988
2153,164868.96701271515
2154,102813.03784654324
2155,143910.28340413928
2156,256192.82320086693
2157,229574.65260878848
2158,236652.01991556905
2159,211463.76517986663
2160,182222.31884893126
2161,228522.65825996592
2162,370661.48595219594
2163,338064.5034397502
2164,248964.3292236743
2165,200796.4047682938
2166,158060.35736713163
2167,223912.64900263216
2168,192995.18947655807
2169,196415.1005781031
2170,214628.0773933795
2171,156956.71624759954
2172,133997.30257412195
2173,160311.2425847616
2174,226222.98246813656
2175,281360.39072395355
2176,309351.12280520244
2177,233220.79063714156
2178,211651.97107973834
2179,133953.53831993171
2180,208108.14324556928
2181,192078.16155600068
2182,222817.33517101195
2183,186948.28841784754
2184,117012.77245336222
2185,130651.32999231058
2186,145403.87224004848
2187,143290.69307626435
2188,145369.6723259679
2189,308835.5514099753
2190,80423.02276678127
2191,79688.79227723609
2192,86977.23163135139
2193,119663.0464680491
2194,98315.98930709498
2195,108809.5228872337
2196,103470.2773397886
2197,118665.43056919049
2198,168689.94680340576
2199,184558.50027043387
2200,152636.76775166424
2201,144106.2290630008
2202,207530.0093096366
2203,135457.64816900424
2204,167664.44299648493
2205,113562.97212280612
2206,140775.98373592467
2207,211972.8427851093
2208,263415.429455832
2209,257845.90481926838
2210,116772.41446866257
2211,112802.57062927957
2212,119089.32485858884
2213,107633.21929926416
2214,134493.35844454463
2215,98141.36892050793
2216,146726.37096246713
2217,55715.1353787777
2218,68064.82390482414
2219,58197.937923656405
2220,62042.41243613015
2221,296309.90010173706
2222,272544.52341303497
2223,283686.0282304086
2224,207006.16174951114
2225,122203.24404218713
2226,181182.9918138733
2227,197270.32158789533
2228,259835.9444325377
2229,245708.65637537462
2230,142755.9295516312
2231,204146.96457408983
2232,175337.76470985162
2233,182121.38267970644
2234,238881.33408746377
2235,223208.18076707266
2236,245494.87411075245
2237,308667.22340751544
2238,192897.39666719112
2239,107320.8438703599
2240,155600.18493636308
2241,158356.87488598473
2242,125173.41315989147
2243,128007.32706971442
2244,102507.58722859231
2245,103192.76395939077
2246,141396.53923558063
2247,111516.4845348212
2248,121265.59451400154
2249,112340.84269660072
2250,122980.81666578095
2251,104314.59885849702
2252,184377.9774878481
2253,146892.09176412993
2254,169316.30690993674
2255,181311.77571272766
2256,167076.2101479645
2257,205365.26416783285
2258,152958.91019710407
2259,168130.36554852547
2260,163571.0201083798
2261,183796.0173730095
2262,205847.65722552556
2263,368494.9118267679
2264,480358.55229696294
2265,176023.33549708824
2266,295572.60617172666
2267,371309.5590331773
2268,400585.9828417795
2269,146465.49121428153
2270,196672.04131487134
2271,211075.6843017524
2272,192747.6494299551
2273,158283.05764074117
2274,183380.91977610585
2275,161450.58965433922
2276,189958.34554553268
2277,180634.26148827295
2278,141637.65197367233
2279,124298.13323612002
2280,116114.8829971174
2281,156454.76550421963
2282,175986.899188085
2283,107020.53793470934
2284,116193.30847028807
2285,134666.5586915121
2286,121377.34862284992
2287,375166.2839091297
2288,268570.44240296306
2289,363281.68526330154
2290,455275.2024197887
2291,338242.53940775385
2292,443919.9221369513
2293,484819.40129987785
2294,391296.1329564756
2295,474701.03336980887
2296,280239.94601936947
2297,363076.8978461063
2298,338629.47894187446
2299,349050.0536493414
2300,331334.7720532232
2301,316594.93442168355
2302,246471.40062822442
2303,239458.46412442616
2304,245659.20055020653
2305,202361.85234526626
2306,193118.58852081993
2307,197077.93095403857
2308,217563.68136001393
2309,281458.2690936439
2310,205213.58021414894
2311,196949.0053278324
2312,169097.80968182735
2313,165838.291116328
2314,169780.93089339515
2315,179575.19505561813
2316,193872.02793219968
2317,183486.87274411524
2318,178768.47305378137
2319,178965.65114191256
2320,181274.67990306887
2321,230928.6668859693
2322,179170.96115270723
2323,189360.69530979847
2324,177763.21561638667
2325,217404.9313361799
2326,169085.103033345
2327,197833.5768430892
2328,219375.45310696005
2329,189548.04987088827
2330,179728.47353673738
2331,334654.6419571558
2332,384075.52431091695
2333,310274.1847985139
2334,255563.096752883
2335,285041.3668207348
2336,306524.6842222786
2337,202865.89661776833
2338,263693.50042599835
2339,229293.0974003998
2340,412166.00303703384
2341,217070.31887978924
2342,235140.43162087255
2343,233522.00822611095
2344,224621.90205022666
2345,233401.18962274678
2346,211626.58795954453
2347,199020.12622476317
2348,240677.82169305257
2349,177020.39953691317
2350,314538.94571805844
2351,259608.04323699724
2352,251109.89700740678
2353,241888.30589191604
2354,139388.60706807743
2355,143030.42026639546
2356,152827.72571325346
2357,186065.37138645118
2358,198653.59796692475
2359,129703.86746267077
2360,108039.52874549919
2361,146518.51060602063
2362,268576.8804473869
2363,139649.2706763181
2364,153686.935193211
2365,206732.5821618371
2366,185254.2130604764
2367,218089.31530803625
2368,216839.0091489291
2369,216875.86866069006
2370,161234.6245052652
2371,165288.15962411475
2372,189525.25754887194
2373,273007.64142586495
2374,317274.86174338707
2375,239419.06569818984
2376,290068.7093187557
2377,342095.74032434734
2378,142331.6105208285
2379,206859.08282979744
2380,151361.97987332987
2381,178904.8166006036
2382,196261.82621858825
2383,208737.8999448223
2384,244737.17199377983
2385,160426.9720160873
2386,134107.68867089917
2387,128644.01217236387
2388,98029.8898539836
2389,116330.72646973231
2390,140160.97026861383
2391,151097.6867838268
2392,111920.19840082245
2393,165114.3585431139
2394,141370.24429268797
2395,206167.84598271237
2396,136683.4851319372
2397,225027.35508448104
2398,126616.79610074086
2399,69729.910099306
2400,60525.57019556056
2401,119870.87893577258
2402,139096.23114255874
2403,145560.6348369204
2404,152934.45150401094
2405,155567.47257481297
2406,136643.927043477
2407,125324.89197655272
2408,148929.2243790057
2409,120725.79989589415
2410,166633.50329609524
2411,112387.51764754299
2412,158916.5538406536
2413,128624.95660559878
2414,158819.70268763776
2415,137662.65527789222
2416,127489.2303980831
2417,131284.40406946486
2418,126033.33252065873
2419,121928.99238012794
2420,121208.02136935908
2421,152578.733942433
2422,107671.15323937024
2423,125368.22147044621
2424,151986.27705319936
2425,197814.3231404743
2426,136130.50917943483
2427,135694.17399646904
2428,168762.0908138555
2429,109911.80529001799
2430,130811.76964935607
2431,107351.04907287932
2432,141215.0690880511
2433,143336.5023982507
2434,140671.9373617747
2435,152441.98183926108
2436,99792.00371551958
2437,99848.29505422324
2438,115998.02715377633
2439,104502.56365391694
2440,120088.21880190283
2441,92388.25913230555
2442,94085.15162755342
2443,133147.6537982378
2444,132835.9588565823
2445,88845.24804922042
2446,145525.9046754744
2447,179592.4516990519
2448,123203.19924396074
2449,112211.03337908909
2450,154592.96766059598
2451,124570.8653456427
2452,202267.9496537686
2453,91300.07200543961
2454,120983.37487570543
2455,119790.36740744597
2456,136979.01508685108
2457,126177.07855736185
2458,134485.87952089918
2459,111174.00889851182
2460,140373.48453340464
2461,122269.5125508278
2462,129398.3375698958
2463,125887.71714202162
2464,178712.39420158925
2465,149563.80817498793
2466,126307.3456452196
2467,116841.52463200135
2468,84095.04257584612
2469,85201.68566854754
2470,192626.27270484203
2471,199608.934678463
2472,168603.71097380685
2473,107217.16133545013
2474,71424.38286621336
2475,213451.13676653252
2476,109284.29531569731
2477,127256.94717038168
2478,158684.7015914069
2479,101067.04042146906
2480,151344.7699166033
2481,120734.14645170888
2482,121250.61087505716
2483,107561.61320788652
2484,120681.04424630248
2485,117546.94197339793
2486,146105.71214754766
2487,174945.95556527138
2488,154326.77817181358
2489,156149.02269929592
2490,135057.18218150476
2491,93831.69518868843
2492,197500.74874265242
2493,150295.47438831895
2494,155469.6255161739
2495,88783.63549436606
2496,233223.6507603203
2497,157203.0649493443
2498,106630.4984538759
2499,79722.40884613954
2500,116545.07882007046
2501,142203.6663816105
2502,137775.89659440253
2503,100087.4548180474
2504,166506.11290761348
2505,219731.72699211925
2506,246433.19032750395
2507,273258.0252892369
2508,246850.96308001844
2509,216423.68109292217
2510,213618.73118734005
2511,170606.8883719254
2512,206225.0134419657
2513,231984.15972716553
2514,248477.54523010086
2515,147726.32465685683
2516,172596.52457902904
2517,145971.0735167801
2518,150082.00963114912
2519,237667.16702589247
2520,218431.68303995213
2521,184096.61815042314
2522,225012.61382529075
2523,121098.26761426481
2524,137045.78207316058
2525,145589.94414853232
2526,138741.74556180253
2527,112675.04119203586
2528,122815.56248046081
2529,136977.94043271485
2530,117839.29736909323
2531,254744.0539946782
2532,221655.86004748105
2533,192774.50635188087
2534,229176.76275709266
2535,289990.5835983035
2536,231301.524907411
2537,245371.37543672172
2538,179033.88073220846
2539,182997.3127629186
2540,180426.0316570239
2541,172535.6749121328
2542,159676.0406641704
2543,126608.7912250014
2544,124165.50068056278
2545,145471.3600002228
2546,129495.01908334918
2547,130089.67885632999
2548,153774.29682877005
2549,150421.77356240028
2550,802413.2703273874
2551,133192.94249572634
2552,124698.44859000877
2553,73073.52970433183
2554,94046.95451069891
2555,108739.9562516485
2556,99636.97752388877
2557,108935.46340855672
2558,149607.28752692128
2559,151547.09192286877
2560,140903.76303302223
2561,138159.2216880697
2562,138609.30420716302
2563,143360.15290186534
2564,195574.28879249687
2565,135557.70485520837
2566,148144.6449269084
2567,143991.98712197063
2568,202825.5130124831
2569,228550.33194424884
2570,114241.7966523661
2571,191505.48870532462
2572,144360.91774667386
2573,230814.2606382978
2574,278436.4471547834
2575,129141.61181664483
2576,116632.73500858169
2577,115339.06930525921
2578,80681.66242801429
2579,58176.80312502424
2580,83642.56793105936
2581,90148.40516633305
2582,92869.29408234656
2583,265851.99607765843
2584,180179.9414662767
2585,191561.19243807226
2586,231758.3220132988
2587,193860.10530469666
2588,127668.2006332141
2589,146695.46204812615
2590,201100.1019496307
2591,225149.77358707704
2592,210311.6061997852
2593,248206.01601353785
2594,174102.74246894708
2595,202331.16565517822
2596,281162.1018242052
2597,194967.22203173206
2598,277671.1364356512
2599,332983.38859062234
2600,165277.6172740355
2601,144029.1259366215
2602,81525.13689727096
2603,94001.67849804595
2604,92167.65936409196
2605,80005.5445903545
2606,151737.1047837965
2607,202257.3097102209
2608,194087.81253929314
2609,170563.86418476704
2610,109582.75729114492
2611,124037.73533320456
2612,157907.45135789103
2613,122667.60340732521
2614,113875.35754524311
2615,153978.52727775197
2616,147114.91243517428
2617,191310.52602559616
2618,229352.96858006742
2619,201151.47020786128
2620,181646.52465929653
2621,167658.3671827131
2622,175162.33852803503
2623,230867.3168703384
2624,301300.30945336394
2625,281375.673491801
2626,169332.18931973737
2627,153028.29561446435
2628,466469.21103524655
2629,487817.5755092217
2630,360826.58100151346
2631,460426.9446840885
2632,398763.9883620941
2633,288915.7343744068
2634,424449.88553806354
2635,159407.25030711308
2636,165413.86777190547
2637,185549.1486909804
2638,258074.91144681125
2639,180682.73090485876
2640,150664.4005510915
2641,98516.34025461412
2642,177381.28707631046
2643,104216.14499712936
2644,116591.05409530626
2645,108113.7379571637
2646,93750.30541942923
2647,103380.16163713331
2648,139118.72590626226
2649,143499.03086288428
2650,124455.71357212172
2651,135073.17769812598
2652,394312.84380256035
2653,246451.35038013337
2654,257116.9697778351
2655,404844.05837586115
2656,315002.1853472847
2657,350805.8329038835
2658,305760.7415621846
2659,302886.47392481455
2660,361781.42694777786
2661,358617.215421579
2662,365229.11561856087
2663,278831.4264072454
2664,270257.302642492
2665,329680.009128707
2666,274958.91791384574
2667,166532.3713228605
2668,171960.15909847367
2669,182574.90574627594
2670,269235.52917234274
2671,182506.99783982377
2672,190235.00348153303
2673,194378.31030363502
2674,185922.39757721612
2675,171507.0070219368
2676,187196.32282726237
2677,194400.27880059244
2678,240477.9273064973
2679,269233.50054529065
2680,278668.13932276267
2681,394055.80033612374
2682,305161.6955738685
2683,493295.52682673914
2684,314465.71806436614
2685,312035.049440332
2686,245921.19972665492
2687,311478.51238285704
2688,214942.93160413214
2689,206951.02113350274
2690,403923.0086714251
2691,188092.33805950117
2692,138232.14240968524
2693,202971.46173441474
2694,140000.76960254268
2695,187518.19110264943
2696,177578.43675086138
2697,185457.5642491132
2698,194731.01195384958
2699,171279.96078633383
2700,152645.95988671214
2701,148710.46688057767
2702,112314.68161713362
2703,124874.5754725334
2704,137483.85443685474
2705,111378.74520091321
2706,109174.28575716181
2707,126366.30087632473
2708,131527.77039745194
2709,102822.28170635767
2710,126464.95903882933
2711,277479.14267680823
2712,371032.64771806984
2713,166090.3740373359
2714,144879.84193211698
2715,170061.65832993327
2716,142915.60345542632
2717,187627.1334549249
2718,208634.4318081262
2719,152537.4496470644
2720,168355.91511195895
2721,123551.82452853891
2722,159498.6066718466
2723,132621.85759365433
2724,120937.98190987518
2725,122106.49571284669
2726,150517.43271734996
2727,161411.44990861023
2728,183771.10514252947
2729,145240.31749036122
2730,147338.45877064287
2731,134198.7122268621
2732,138468.2471238117
2733,149939.53332431914
2734,141907.7496730577
2735,135777.83094790817
2736,134659.09990941544
2737,115440.37750916636
2738,136129.5023349142
2739,152247.34168951926
2740,134848.99983561682
2741,144796.04091573297
2742,153306.10364970015
2743,156524.4292365155
2744,156576.0350337438
2745,135190.5350471629
2746,135565.25769644842
2747,144919.4371245205
2748,124137.25471346363
2749,126364.77922899603
2750,131993.7279020345
2751,130878.04275345271
2752,198898.3188353103
2753,139556.04830281436
2754,210167.8320650947
2755,143655.91780991768
2756,96178.17614837068
2757,72049.11792957554
2758,88202.73905860502
2759,164172.19398412487
2760,128034.9410352354
2761,137549.57119739175
2762,140866.48956342472
2763,174389.23253867586
2764,145195.648850911
2765,264213.59122861753
2766,134956.81078960822
2767,82103.20926677373
2768,128066.88813417777
2769,128488.09678408779
2770,130621.4999357365
2771,103121.72270762103
2772,105143.87502412428
2773,171424.47310840353
2774,137766.62084585987
2775,103387.18018762134
2776,138195.65820857577
2777,146971.78005674863
2778,96638.4879726226
2779,125841.16886431411
2780,96353.50788285316
2781,95784.12796374004
2782,96698.06556070274
2783,97252.63382976514
2784,117094.82223415622
2785,141805.67707884643
2786,65428.73403348566
2787,127391.94978875548
2788,76639.15280416334
2789,161117.25609126897
2790,97302.25414352326
2791,108564.3888725924
2792,51518.78755958806
2793,152083.15143805623
2794,97321.60058484951
2795,113534.96703156969
2796,97763.81661782102
2797,200569.94571101817
2798,99439.95069446907
2799,115945.63332084716
2800,71409.59865201567
2801,111598.85640524767
2802,124702.69930441889
2803,170946.86104469906
2804,129362.2161321833
2805,99287.2960164959
2806,84067.07012150619
2807,150865.68223271545
2808,148502.1179718535
2809,130353.44927779165
2810,122296.92659175521
2811,164758.08676460086
2812,166237.91474023744
2813,156819.76481155204
2814,155354.40212135253
2815,99222.76650601807
2816,228389.64695491124
2817,155832.78791424632
2818,131435.5141933672
2819,166096.9192463842
2820,140430.00392227547
2821,104235.38111618657
2822,203783.517826986
2823,333689.3410125721
2824,181299.58498472386
2825,145170.32030165856
2826,131245.40948766845
2827,132561.51822097896
2828,224281.26479641887
2829,201248.249482137
2830,226997.54978984405
2831,169718.68510787666
2832,242488.61503588632
2833,318440.6392333399
2834,223461.47150071402
2835,227235.28414515522
2836,187346.0114183788
2837,157437.56857100793
2838,148447.02151692193
2839,170314.21707464737
2840,198123.95974746736
2841,201080.90191226642
2842,232307.97456159865
2843,150222.01548540816
2844,166015.96530803188
2845,126447.59959626754
2846,208279.8937336733
2847,206328.88679997937
2848,209389.1958474142
2849,193171.47683907134
2850,271100.22738843394
2851,208737.44025826987
2852,230208.27818347714
2853,230952.01242231362
2854,134509.55095201393
2855,195798.1962270296
2856,197344.07782829236
2857,182371.03290195556
2858,203905.83065218473
2859,112629.68919462299
2860,125646.11054490923
2861,126861.25173469531
2862,182369.0814088036
2863,122507.1216775997
2864,236966.46304202251
2865,139476.7533795998
2866,138386.06018254333
2867,102853.20080845342
2868,101666.01431152534
2869,94780.42889540909
2870,124721.94140931823
2871,78700.30567579898
2872,47131.74746505491
2873,94652.10564018111
2874,132852.0686782914
2875,109869.259272791
2876,151825.08428255044
2877,152524.5074710727
2878,158926.70436186623
2879,142314.03923331934
2880,101824.9471599406
2881,149974.43068564165
2882,179995.43677207417
2883,198105.0145696602
2884,191849.72739251837
2885,190670.36890719316
2886,235097.49637693845
2887,98217.5897788279
2888,146457.41420462632
2889,59084.7365933793
2890,80654.07603590087
2891,137604.89569456642
2892,38905.717414338724
2893,63465.493481900194
2894,52691.88010339465
2895,328541.6076945199
2896,264512.6212354029
2897,211117.73256673725
2898,149141.7683167418
2899,203985.5845993601
2900,152307.74133899264
2901,226548.85769531378
2902,185449.23278909829
2903,313617.64227635594
2904,345048.3632008755
2905,79129.59064928722
2906,182589.83807477503
2907,109511.73078426211
2908,122226.27586276659
2909,155309.07335527052
2910,76208.17626706786
2911,78880.74947530197
2912,144437.13526572718
2913,78797.69005774886
2914,78734.33077581563
2915,86440.37763407556
2916,80429.8883914349
2917,175010.1862870468
2918,112539.05688367289
2919,212074.94892609832
