Id,SalePrice
1461,0.8174269941593985
1462,0.8202276641200278
1463,0.821552907618702
1464,0.8222285146048078
1465,0.8221276652799591
1466,0.8207842631793443
1467,0.8209272623502286
1468,0.8200883043369855
1469,0.822329663637013
1470,0.8172123878910958
1471,0.8197650483163045
1472,0.8150945695017291
1473,0.8150271244722228
1474,0.819128257147436
1475,0.8161916405770533
1476,0.8274519189633075
1477,0.8243612648218105
1478,0.8263263869622977
1479,0.8258157602345608
1480,0.8304099786211616
1481,0.8268323041012752
1482,0.8225888300804289
1483,0.8213924762827717
1484,0.8200141477825038
1485,0.8214438850838693
1486,0.8216585311183772
1487,0.8271291654026193
1488,0.8228328632297958
1489,0.8219002541817745
1490,0.8240786445749536
1491,0.8220146753791476
1492,0.8151933877706402
1493,0.8210836929920668
1494,0.825803880404251
1495,0.8255264667016583
1496,0.8234743989625508
1497,0.8214459227255962
1498,0.8217945698734972
1499,0.8205562262705369
1500,0.8200430075973697
1501,0.8210790308748374
1502,0.8186348176176638
1503,0.8258625753996974
1504,0.8238460203088483
1505,0.8234037123979597
1506,0.8218457334264845
1507,0.824032237930012
1508,0.8222643361900385
1509,0.8198569700414571
1510,0.8191654772430181
1511,0.8206929057299907
1512,0.8207340417152988
1513,0.8188842228733993
1514,0.8195774227645921
1515,0.8213742719178027
1516,0.8195955086238343
1517,0.8210271322953812
1518,0.818260244645004
1519,0.8223992024007218
1520,0.8177444626589279
1521,0.8183107259716033
1522,0.8209264193791971
1523,0.817019612380267
1524,0.8180792568326696
1525,0.8170330514658841
1526,0.8166062745929111
1527,0.8164066567302088
1528,0.8183251813395692
1529,0.8200352957452891
1530,0.8219235834153916
1531,0.8162814969928094
1532,0.8146701165491688
1533,0.8198350245329261
1534,0.8178816618591803
1535,0.8191896673753681
1536,0.8159831377197267
1537,0.8102569695502896
1538,0.8194738069978621
1539,0.8218554794709547
1540,0.8135072699832703
1541,0.81904122694898
1542,0.8199974256382182
1543,0.8211637447919405
1544,0.8137437561142561
1545,0.8169145561743538
1546,0.8184910939961358
1547,0.8183896948993595
1548,0.8188955840074866
1549,0.8173463425356384
1550,0.8183884596894184
1551,0.815749676123018
1552,0.8186429474637579
1553,0.8190463782385609
1554,0.8168138414612783
1555,0.8204609173817018
1556,0.813575366623482
1557,0.8175494269243316
1558,0.8160814023423546
1559,0.810051275918266
1560,0.818003323898654
1561,0.8181317136529233
1562,0.8182289277894036
1563,0.8172419162032458
1564,0.8200052003053969
1565,0.8198117449008063
1566,0.8240489229268447
1567,0.8131036622968418
1568,0.8238645623541594
1569,0.8187341349560193
1570,0.8181183710656056
1571,0.8169244366712282
1572,0.8190258733927939
1573,0.8234408933670015
1574,0.81710011157921
1575,0.8235104623529709
1576,0.8232695443583166
1577,0.8209356458670914
1578,0.8192362653905938
1579,0.8195352111962096
1580,0.8219939551137962
1581,0.8198925697829346
1582,0.8177114767510589
1583,0.8254479702626525
1584,0.8227776594050988
1585,0.8182877131322582
1586,0.8129498536263876
1587,0.815796445536618
1588,0.8191464343162125
1589,0.8152501275829402
1590,0.8178909876025301
1591,0.814830840970379
1592,0.817542189522976
1593,0.8179542400873161
1594,0.8175846624738475
1595,0.8167366011103158
1596,0.8229898982467133
1597,0.8226055966000924
1598,0.823528117351623
1599,0.8208348589122297
1600,0.8202654556504501
1601,0.8109857215092243
1602,0.8171548508655899
1603,0.8105752125672773
1604,0.8246670154221797
1605,0.8234685460073459
1606,0.8200989690558155
1607,0.8209597060416788
1608,0.8230124824712884
1609,0.821188159690111
1610,0.8195816873213048
1611,0.8186595659857206
1612,0.820904517673546
1613,0.8205087572295668
1614,0.8176957233684521
1615,0.8145863529771781
1616,0.813215656963743
1617,0.8147122244122498
1618,0.8187483995017399
1619,0.8185305889660306
1620,0.819169990504381
1621,0.8184888812257239
1622,0.8192090006544349
1623,0.8241150378732793
1624,0.8222849899289942
1625,0.8168827922829375
1626,0.8205323099225647
1627,0.8219507106400534
1628,0.8250756322243943
1629,0.8210023406782211
1630,0.8273155630174579
1631,0.8239994001695161
1632,0.8246436232931583
1633,0.8204531088899849
1634,0.8215002525016606
1635,0.8208191400537405
1636,0.8195559284956722
1637,0.8227514114571025
1638,0.8211939898199662
1639,0.821563946598805
1640,0.8237459558009894
1641,0.8214034788779103
1642,0.8243119712999448
1643,0.8232252668466474
1644,0.8241895509835354
1645,0.822308147213671
1646,0.8198058387048571
1647,0.8200190518956195
1648,0.8179410380486135
1649,0.8188591602806035
1650,0.816528569453051
1651,0.8171488034871358
1652,0.8152592240797304
1653,0.8153929141077302
1654,0.8193078699187236
1655,0.8179899205683168
1656,0.8189774922939569
1657,0.8196665995768189
1658,0.8193225540988738
1659,0.8169877429149737
1660,0.8197627843579639
1661,0.8295898294455945
1662,0.8284511532503834
1663,0.8280496628784512
1664,0.8322539683411522
1665,0.826165218812327
1666,0.8260917698960674
1667,0.8283955547372386
1668,0.8271342537266809
1669,0.8262115879432576
1670,0.8270388859566132
1671,0.8248851170536453
1672,0.828919339864222
1673,0.8255187210036327
1674,0.823809549533223
1675,0.8222317901445716
1676,0.822110941897981
1677,0.8232932900257411
1678,0.8297460293084761
1679,0.8284793753270913
1680,0.8267682993973262
1681,0.8241496082784657
1682,0.8266343231846379
1683,0.821429898129897
1684,0.820753132473427
1685,0.8207508201642322
1686,0.820407089841146
1687,0.8204112739175816
1688,0.8214264167864138
1689,0.8215782647925155
1690,0.8217765097446846
1691,0.8212900362963405
1692,0.8245481472592792
1693,0.8200915153473013
1694,0.8213980144311812
1695,0.8201972920901823
1696,0.8252917402688897
1697,0.8204657212991533
1698,0.8271395456035978
1699,0.8263366146409342
1700,0.8246478655353088
1701,0.8250624958692399
1702,0.8241723787284687
1703,0.8240564893959774
1704,0.8249202489001514
1705,0.8235319441873801
1706,0.8231668055094313
1707,0.8226390182053009
1708,0.8223188042429046
1709,0.8246030326960043
1710,0.8229432207484076
1711,0.8252482421373434
1712,0.8243703825375738
1713,0.8253692045243343
1714,0.8237191917223695
1715,0.822749009779987
1716,0.8214746752491964
1717,0.8209545691537766
1718,0.8189044930700263
1719,0.8226970642082339
1720,0.8235857453474039
1721,0.8194108869524133
1722,0.8175159452005006
1723,0.8194506255461893
1724,0.8222642041281576
1725,0.8238386559208962
1726,0.8213563726641128
1727,0.8197580672828038
1728,0.8199894451623521
1729,0.820660143463639
1730,0.8197322775924397
1731,0.8167304851937707
1732,0.8177165540966292
1733,0.816282455333268
1734,0.8168742861971574
1735,0.8164366470549611
1736,0.8158626627744046
1737,0.8254825050612079
1738,0.824924440627672
1739,0.8231879228017084
1740,0.8228957922076062
1741,0.8218878038502895
1742,0.8208876479121245
1743,0.8210975964382534
1744,0.8281353826579874
1745,0.8227849857302815
1746,0.8206257976583878
1747,0.8229924776717306
1748,0.8228006906164618
1749,0.8188288043972174
1750,0.8176599940412391
1751,0.8240955581883715
1752,0.8165997131747954
1753,0.8196066470283425
1754,0.821730366222774
1755,0.8208269081965087
1756,0.8177112063646793
1757,0.8173623213211362
1758,0.8193629652149657
1759,0.8205552354930955
1760,0.8203744273744616
1761,0.8192028817805133
1762,0.8211075533228885
1763,0.8221403706255302
1764,0.8171524538432665
1765,0.8184756591631447
1766,0.8218265221808116
1767,0.8229136093529618
1768,0.8187597257843663
1769,0.8205915947546804
1770,0.8193693435396862
1771,0.817063851395187
1772,0.8179587702001309
1773,0.8174088374107529
1774,0.8189833466486912
1775,0.8189325628476611
1776,0.8180505002766888
1777,0.8162317611107583
1778,0.8187072491403015
1779,0.8185902144127142
1780,0.8208201875575956
1781,0.8177517826331048
1782,0.8139701435264836
1783,0.8190963722150502
1784,0.8161005635563582
1785,0.8177092383544521
1786,0.8187244825029062
1787,0.819546571648423
1788,0.8108082654246349
1789,0.8151419092290689
1790,0.8135028292988036
1791,0.8211259475589434
1792,0.8200823106625069
1793,0.8184504702401046
1794,0.8196377858310289
1795,0.8186327606860637
1796,0.8168900126574504
1797,0.8164056336038199
1798,0.8170907702387139
1799,0.8159470001024544
1800,0.8179746460787084
1801,0.8180726278998891
1802,0.8181170291359243
1803,0.8192621431015013
1804,0.8184897575830098
1805,0.8181317652822503
1806,0.8173894407073329
1807,0.8180527756790062
1808,0.8170309351743832
1809,0.8176991329508584
1810,0.8184338451790079
1811,0.8151716762424945
1812,0.8158030626739595
1813,0.8188805432628148
1814,0.815094518517695
1815,0.8101518267616957
1816,0.8153569858675462
1817,0.8161641875353293
1818,0.8187390419604323
1819,0.8176434268511771
1820,0.8074194579840637
1821,0.8167078138219548
1822,0.8194863806245728
1823,0.8056016461834205
1824,0.8172392385411594
1825,0.8183068656896707
1826,0.8162523672222297
1827,0.8159634153940978
1828,0.8182424945171262
1829,0.8171549661270497
1830,0.8186495019395338
1831,0.818974609555814
1832,0.8105299062615016
1833,0.8186059097028413
1834,0.8170878293902156
1835,0.8168415714445415
1836,0.8175591796433016
1837,0.8140226752094462
1838,0.8182044236564641
1839,0.8155706738326495
1840,0.8185984052523568
1841,0.8183937718554445
1842,0.8150669081468812
1843,0.8184177626584511
1844,0.8188074562083284
1845,0.818690110119079
1846,0.8201256197598044
1847,0.8212415969212435
1848,0.8100058776564218
1849,0.8161359585461114
1850,0.8170443462277401
1851,0.8193480534474409
1852,0.818016557791357
1853,0.8174173690829828
1854,0.820416268335257
1855,0.8200044819056679
1856,0.8232649747600242
1857,0.8178404555713369
1858,0.8183122467388183
1859,0.8168198578264806
1860,0.8193932302211512
1861,0.8168700853193676
1862,0.8266128208463525
1863,0.8258038579812348
1864,0.8258080647135473
1865,0.8272976914906294
1866,0.8266043309354681
1867,0.8228904679903216
1868,0.8251641253894872
1869,0.822151823965877
1870,0.8230408827411541
1871,0.8242228940587418
1872,0.8208241824838435
1873,0.8241834008799351
1874,0.8200704837860505
1875,0.8225093883298532
1876,0.8225308206952354
1877,0.8225967781279427
1878,0.821971431084192
1879,0.8180955784510396
1880,0.8178362580786175
1881,0.8242535599733509
1882,0.8236387468814358
1883,0.8214101305593434
1884,0.8224205372457526
1885,0.8228090059868167
1886,0.8251959782522235
1887,0.8228537527240566
1888,0.8246128866042682
1889,0.820778259487535
1890,0.8163240256515664
1891,0.8173105307031454
1892,0.8148925332825947
1893,0.8183352994461383
1894,0.8176195436601844
1895,0.8184733830570521
1896,0.8178073253029295
1897,0.817533990519221
1898,0.8163871927578352
1899,0.8204724764280072
1900,0.8189086176610084
1901,0.8215316227770988
1902,0.8204486129371175
1903,0.8227208198735224
1904,0.8191269925481284
1905,0.8221397135111304
1906,0.8172138699827974
1907,0.8229818663159646
1908,0.8164010872955225
1909,0.8181476101679341
1910,0.8174115937281853
1911,0.8234857715379404
1912,0.8276929864248194
1913,0.8175224889415303
1914,0.8072233609358146
1915,0.8262812275339181
1916,0.8131477249634239
1917,0.8232354393535823
1918,0.8187828931060038
1919,0.8208757823946753
1920,0.8202033654243088
1921,0.8278019053910122
1922,0.8265407796928231
1923,0.8237044683640954
1924,0.8237032483040719
1925,0.8218816304012805
1926,0.8276629289574713
1927,0.8182261281339777
1928,0.8206865183698441
1929,0.817552913008644
1930,0.817980638299962
1931,0.8186961302885506
1932,0.818830930804578
1933,0.8227471017282667
1934,0.8213967824054035
1935,0.8207675892663261
1936,0.8221402240958012
1937,0.8216370650598104
1938,0.8208026604788923
1939,0.8243970678707186
1940,0.821781553378291
1941,0.8205630774638679
1942,0.8206110619793077
1943,0.8233320369059108
1944,0.8280591738366945
1945,0.8287421998154485
1946,0.818393990917674
1947,0.8214256503937704
1948,0.8206707425081368
1949,0.8243460593826208
1950,0.8214092511309049
1951,0.8233109549625898
1952,0.8220352728732837
1953,0.8205475177715779
1954,0.8211367621308397
1955,0.8185929260250389
1956,0.8259721209665535
1957,0.8193938448554668
1958,0.8240841867264254
1959,0.819023931589309
1960,0.8168173444985356
1961,0.8174164498799915
1962,0.8150798791444941
1963,0.8159169605476714
1964,0.8161218343172624
1965,0.8191075458692606
1966,0.818668486859336
1967,0.8259559360998151
1968,0.8286818092508301
1969,0.828094288354443
1970,0.8285535918764664
1971,0.8305979730982304
1972,0.8279427393522402
1973,0.8249748034551013
1974,0.8270269539902925
1975,0.8114780937452285
1976,0.8250528053573701
1977,0.8272997121998379
1978,0.8271761972871701
1979,0.8268176377850468
1980,0.8230460386031705
1981,0.8271428531457313
1982,0.8230833420546871
1983,0.8222947418730074
1984,0.8205832063787095
1985,0.8235213494619577
1986,0.8228222842965905
1987,0.821595612524567
1988,0.8206337641521929
1989,0.8215116166637507
1990,0.8222582072493118
1991,0.8236813010810816
1992,0.8227591213861315
1993,0.8202653906212928
1994,0.8230891844531646
1995,0.8212632429991628
1996,0.824181414033446
1997,0.8261441100888304
1998,0.8261586622453725
1999,0.8255109811440514
2000,0.8263759926307005
2001,0.8255694504777651
2002,0.8235635176695659
2003,0.8240916516280984
2004,0.8252633847515253
2005,0.8231435624957187
2006,0.8229332430775819
2007,0.8241895567727473
2008,0.8231624734639297
2009,0.8225836402879355
2010,0.8218056393345635
2011,0.8186466698814253
2012,0.8207973544673148
2013,0.8211750980157493
2014,0.8214416896035256
2015,0.8226570928128523
2016,0.8219563159410859
2017,0.821863294811514
2018,0.8164413465431385
2019,0.8182390007316384
2020,0.8149156366314104
2021,0.815057260965437
2022,0.8219795635686158
2023,0.819505236822126
2024,0.8250426155871368
2025,0.8273075598330892
2026,0.8208378518153268
2027,0.8203629480576918
2028,0.8197479898947437
2029,0.8208697732524743
2030,0.8246250580436489
2031,0.8231953051308009
2032,0.8241542765673853
2033,0.8241105247932613
2034,0.8210375733676974
2035,0.8237684400254922
2036,0.8222249879692719
2037,0.8236151533539138
2038,0.8271219516278644
2039,0.82340082296166
2040,0.8249083080705003
2041,0.8380879651560323
2042,0.8226467395250788
2043,0.8212300458995478
2044,0.8206211637306606
2045,0.8223151830281852
2046,0.8205650093809207
2047,0.819031266140646
2048,0.8186975224300831
2049,0.8191235261667539
2050,0.8206241609110277
2051,0.8155034469213599
2052,0.817530916396792
2053,0.8195468773377432
2054,0.8148402390248501
2055,0.820143631689195
2056,0.8189654817039645
2057,0.8162243548027649
2058,0.8226323510923531
2059,0.8182486135238339
2060,0.8210398504753363
2061,0.8206168730745385
2062,0.8180738633839094
2063,0.8172627160846171
2064,0.818729496940441
2065,0.8166461509603173
2066,0.8202962493537831
2067,0.8149258517369723
2068,0.819719459828562
2069,0.8141025823400282
2070,0.8170668949697771
2071,0.8143543003859949
2072,0.8184602487424666
2073,0.8174380095572967
2074,0.8191717009894481
2075,0.8194509465342401
2076,0.8167262854492311
2077,0.8202239239277177
2078,0.8174413121724231
2079,0.8179049562744442
2080,0.8174298907552108
2081,0.8178393757175431
2082,0.8173625869913445
2083,0.8195159738094783
2084,0.8161928040061116
2085,0.8174569795606136
2086,0.8156724169047905
2087,0.8176503591235457
2088,0.8145333569668755
2089,0.8131173329662388
2090,0.8170037490159823
2091,0.8176626602841652
2092,0.8172891161450512
2093,0.8169302185491479
2094,0.8160748817834276
2095,0.8202959628443469
2096,0.8134649717208907
2097,0.8153189076926989
2098,0.8202396405387818
2099,0.8084939571497038
2100,0.8111651520365195
2101,0.8171770046943088
2102,0.8171272424386161
2103,0.8160364164316666
2104,0.8166023708543314
2105,0.8179191585282845
2106,0.8134461162678299
2107,0.8211400547930753
2108,0.8174243400244817
2109,0.8169140110516161
2110,0.8174110197113542
2111,0.8175290544852587
2112,0.8184341954633818
2113,0.8173286716682229
2114,0.8178436802726808
2115,0.8204074181179164
2116,0.8164400170336262
2117,0.8193696374116237
2118,0.8178209180997956
2119,0.8173757740568733
2120,0.8160713312365985
2121,0.8146309437653321
2122,0.8174178051645501
2123,0.8134667792965894
2124,0.8195405282754747
2125,0.8167005696548053
2126,0.819525610214055
2127,0.818116156790614
2128,0.8166940118034199
2129,0.8134224828181487
2130,0.8186235644236732
2131,0.8186611926249323
2132,0.8161797274175205
2133,0.8175503589379755
2134,0.8172192827434198
2135,0.8154390831972639
2136,0.8135615180038368
2137,0.8159891942805737
2138,0.8188295210558989
2139,0.8193019743877499
2140,0.8185588319424345
2141,0.8201511437472335
2142,0.8180078470282803
2143,0.8196406911250524
2144,0.817477806269313
2145,0.8188400036270115
2146,0.8209426822858827
2147,0.8188280636166928
2148,0.8176273387199743
2149,0.8183775814171689
2150,0.8239984866180575
2151,0.8166321288876686
2152,0.8208055189687555
2153,0.8199151904282015
2154,0.8157259362128761
2155,0.8182741427784785
2156,0.8246297535044308
2157,0.8232721278844956
2158,0.8238198087742036
2159,0.8227212326089847
2160,0.8211516221513169
2161,0.8234031393365099
2162,0.8281734496491514
2163,0.827478674963081
2164,0.8242703559624194
2165,0.8223665603263423
2166,0.8202932969836474
2167,0.8229484703140717
2168,0.822767919358413
2169,0.8218505778559864
2170,0.8228442785063125
2171,0.8201755426147439
2172,0.818219874829476
2173,0.82169018063004
2174,0.823028767326784
2175,0.825097566980644
2176,0.8260827714255444
2177,0.8235978593107104
2178,0.8224637417426135
2179,0.818293706429292
2180,0.8230501447430536
2181,0.8217460656993779
2182,0.8234978926176082
2183,0.82152297115776
2184,0.8169699485971045
2185,0.8175052263655396
2186,0.8301073853879354
2187,0.8190131573160807
2188,0.8194594279373665
2189,0.8244604911994543
2190,0.8138658785115391
2191,0.8131503972454741
2192,0.812802895197946
2193,0.816627774097291
2194,0.8158045624093165
2195,0.8165574610174517
2196,0.8156856356660516
2197,0.8172446089883666
2198,0.8204756006384079
2199,0.8217270459260211
2200,0.8189405376599576
2201,0.8193218639490046
2202,0.8230120825908701
2203,0.8181275887451703
2204,0.8218526747526083
2205,0.8179779303571935
2206,0.8187968284939845
2207,0.8226087422477565
2208,0.8253335397499244
2209,0.8246168411748406
2210,0.8173380495328001
2211,0.8170544604492969
2212,0.8177770170204517
2213,0.816458514917603
2214,0.8187120748642444
2215,0.8156518787377526
2216,0.8200562358284977
2217,0.8120959980006991
2218,0.8215333470462658
2219,0.8202018562494932
2220,0.809997254963486
2221,0.8263191579777256
2222,0.8256874993316907
2223,0.8253361511133547
2224,0.8222643144323755
2225,0.8172837398197095
2226,0.8211385082615424
2227,0.8215761675770649
2228,0.8247746832557536
2229,0.8242628536005332
2230,0.8196807670790666
2231,0.8226627785028613
2232,0.821359669272204
2233,0.821087766663151
2234,0.823682631127238
2235,0.8229300202910955
2236,0.8241587807170012
2237,0.8257535089492757
2238,0.8217735139098273
2239,0.8158171057209677
2240,0.8194757895638057
2241,0.8202862406848991
2242,0.8172584252354906
2243,0.8177412292581587
2244,0.8158539663385569
2245,0.8151205032978895
2246,0.818770460659079
2247,0.8165336790971839
2248,0.8168984868774313
2249,0.8167341919152841
2250,0.8178097722035177
2251,0.8161673147632506
2252,0.8213618119537259
2253,0.8194931689226628
2254,0.8208014644657992
2255,0.8213761309040064
2256,0.8205378123124221
2257,0.8226534740625274
2258,0.8198915369265336
2259,0.8207090144296487
2260,0.8188506326456816
2261,0.822310171083876
2262,0.8229554169791085
2263,0.8284891041931524
2264,0.8313068119015454
2265,0.8203953952298307
2266,0.8265509832747425
2267,0.8279240002591851
2268,0.8314401914434931
2269,0.8195658808989893
2270,0.8219631175261434
2271,0.822681164448751
2272,0.8213240038417255
2273,0.8197915010676372
2274,0.8213513690614059
2275,0.8202148574751909
2276,0.8218117350313136
2277,0.8216286623389044
2278,0.8193495824849389
2279,0.8182462465703488
2280,0.8165430116523685
2281,0.8199677211359531
2282,0.8213737386657814
2283,0.8164705125131295
2284,0.8169733765998904
2285,0.819496349696718
2286,0.8176113314891694
2287,0.8279045557265049
2288,0.8252988927677979
2289,0.8278787838907833
2290,0.829740030132207
2291,0.8270628960402302
2292,0.8296613319083673
2293,0.8301327498242371
2294,0.8283278454237253
2295,0.8305760174968313
2296,0.8254099448966055
2297,0.8275914358294405
2298,0.827632821197696
2299,0.8271543434666999
2300,0.8269307144415141
2301,0.8267325908268373
2302,0.8245220496778733
2303,0.8242829366916503
2304,0.8243847440594025
2305,0.822200746767228
2306,0.8218880696122722
2307,0.8224461852759855
2308,0.8234536374274579
2309,0.8255310679792425
2310,0.8225694975938661
2311,0.8223359118023194
2312,0.8209616300785122
2313,0.8206338925323385
2314,0.8210019521478845
2315,0.821098408252584
2316,0.8218815621390915
2317,0.8219802194483954
2318,0.8211617929935384
2319,0.821334327078313
2320,0.8217259850591361
2321,0.8237928061946002
2322,0.8212723981974631
2323,0.8220198592569373
2324,0.8208676942593532
2325,0.8227384019207621
2326,0.8207289803072564
2327,0.8220932251713947
2328,0.822828834515732
2329,0.8220594783158953
2330,0.8212903946551985
2331,0.8270148386485816
2332,0.8282399196179314
2333,0.8264009224855031
2334,0.8245718017034507
2335,0.8257091455956139
2336,0.8257794294266841
2337,0.8218471930776984
2338,0.8243656614110659
2339,0.8224339676386494
2340,0.8281526900786637
2341,0.8223897220047581
2342,0.8235511363592185
2343,0.8233932942327548
2344,0.8224366198167192
2345,0.8232850615768544
2346,0.822644177795305
2347,0.8221791177092106
2348,0.824090632968215
2349,0.8210976131430998
2350,0.8266211123622328
2351,0.8247956770956609
2352,0.8243758794299627
2353,0.8239301154513398
2354,0.8191450424282798
2355,0.8191579500142389
2356,0.8191895562504355
2357,0.8214809650222679
2358,0.822279174284445
2359,0.8186755884294243
2360,0.81648972087098
2361,0.81934326376451
2362,0.8247354893919261
2363,0.8180572838777013
2364,0.8189292473656972
2365,0.8224943650489155
2366,0.8217510023221656
2367,0.8232136956616704
2368,0.8228349964807606
2369,0.823111069584857
2370,0.8207955356335447
2371,0.8202260846716943
2372,0.8220993646458034
2373,0.8257140377166898
2374,0.8266420869661109
2375,0.8241876201823052
2376,0.82511835728002
2377,0.8267069987486668
2378,0.8196781271377295
2379,0.8221516581988846
2380,0.8200038354149632
2381,0.8208413400301403
2382,0.8224431748503243
2383,0.8221597947063485
2384,0.8237187374165377
2385,0.8199112307537494
2386,0.8181313244361916
2387,0.8182285953373986
2388,0.8156014369538901
2389,0.8164882548575387
2390,0.8196600945292719
2391,0.8188454397445178
2392,0.8169036293420758
2393,0.8207808418476689
2394,0.8188292405132233
2395,0.8228046560226381
2396,0.8185990113456604
2397,0.823454001203106
2398,0.8179160677048679
2399,0.8119328326950656
2400,0.8111408368323245
2401,0.8184075685345393
2402,0.8187726276202005
2403,0.8194625996893279
2404,0.8199545202771186
2405,0.8200269572904686
2406,0.8185844394543189
2407,0.8175200422923085
2408,0.8186916944569573
2409,0.8171013362964541
2410,0.8206138237374079
2411,0.8164435637350544
2412,0.8198026185222935
2413,0.8182312066252145
2414,0.8211607126311347
2415,0.818497482097579
2416,0.8176918216935073
2417,0.8184995002218803
2418,0.8186052875771938
2419,0.8181533767008498
2420,0.8170279518442715
2421,1.2954732785867427
2422,0.8157796879416568
2423,0.8169098672634098
2424,0.8197593056251745
2425,0.820490707318299
2426,0.8180386079591616
2427,0.8178362075553843
2428,0.8211759119303882
2429,0.8165476211467506
2430,0.8180820847398081
2431,0.8164074197448172
2432,0.821205783016202
2433,0.8190135815442635
2434,0.8185020500270161
2435,0.8194031846172499
2436,0.8165097456712733
2437,0.8159831095047282
2438,0.8176891800862914
2439,0.815188547297901
2440,0.8175150371741118
2441,0.8139448726626977
2442,0.814830527606501
2443,0.8180746498610211
2444,0.818229961608074
2445,0.8141807732674454
2446,0.8184299115561827
2447,0.8207125361702806
2448,0.8174209654120635
2449,0.8161457347768358
2450,0.8197899523182427
2451,0.8155630247227791
2452,0.8215385772714322
2453,0.8148497571939372
2454,0.8176480402864156
2455,0.8164445307733871
2456,0.8189278024166373
2457,0.819079266575295
2458,0.8182541612354433
2459,0.8165400562768865
2460,0.8187667842724657
2461,0.818105441809003
2462,0.81834477861489
2463,0.8179997252313613
2464,0.8208032586650683
2465,0.8188194211753348
2466,0.816954377938421
2467,0.817127792150681
2468,0.8144536773976482
2469,0.8146794837750395
2470,0.8221273902537353
2471,0.8238263775862604
2472,0.8201437129280442
2473,0.8177173853202389
2474,0.8124096494885464
2475,0.8224534350977242
2476,0.8171302459904609
2477,0.8181335624468165
2478,0.8203795010496232
2479,0.8162622530517271
2480,0.8195704703844939
2481,0.8170375330298676
2482,0.8164973934543864
2483,0.8160830354886983
2484,0.8169036670195534
2485,0.8178605916200238
2486,0.8200930406030754
2487,0.8193968072206959
2488,0.8202255617673009
2489,0.8196923198639754
2490,0.8187051379755999
2491,0.8144237671754679
2492,0.8225763791535156
2493,0.8193675916705271
2494,0.8188013271807514
2495,0.8139515150008442
2496,0.8238293944385148
2497,0.8196004849170221
2498,0.816353317498142
2499,0.8139599766819664
2500,0.8182310177026261
2501,0.8189118711394735
2502,0.8188600145636121
2503,0.8154741048185891
2504,1.3003085265229315
2505,0.8234920545453966
2506,0.8239496815210305
2507,0.8250958403798517
2508,0.8239169809668875
2509,0.8227326857185331
2510,0.822719439695091
2511,0.8206149462111662
2512,0.8224973851232414
2513,0.8231726273856453
2514,0.8260744516490767
2515,0.8199464879772066
2516,0.8210492942466511
2517,0.8197082827318957
2518,0.8200699161493172
2519,0.8238336184083003
2520,0.823049512348451
2521,0.8213617452655123
2522,0.8231222215989097
2523,0.8166324531373569
2524,0.8183947595812721
2525,0.8303998294299093
2526,0.8190874658897619
2527,0.8170286586042818
2528,0.8184625686981158
2529,0.8160419113161873
2530,0.8176712943172624
2531,0.8244807737461043
2532,0.8232018373965846
2533,0.8216797515962145
2534,0.8236879468689139
2535,0.8253634086618535
2536,0.8239432046921907
2537,0.8243233336703142
2538,0.8210860359012019
2539,0.8213438677716914
2540,0.8211081436897633
2541,0.8209586495212627
2542,0.8202233980085062
2543,0.8168275768858968
2544,0.8170591938790656
2545,0.8185012979815096
2546,0.8172365963857583
2547,0.8175742576118471
2548,0.8193017370609578
2549,0.819649006477377
2550,0.8309007229857933
2551,0.8187209589134028
2552,0.8183796333560743
2553,0.8127022396127239
2554,0.8141909535933227
2555,0.8167817280517188
2556,0.814843558382582
2557,0.8154144676827108
2558,0.818313634257812
2559,0.819547796802441
2560,0.819541788001348
2561,0.818944229217346
2562,0.8189064052357912
2563,0.8196712373213945
2564,0.8221543354056648
2565,0.8192513637590435
2566,0.8208279660060684
2567,0.8190452997712078
2568,0.8217775501822823
2569,0.8240485326610624
2570,0.8170944540857721
2571,0.8226341342706982
2572,0.8199428554258239
2573,0.8234007042558484
2574,0.813800188655277
2575,0.8185101993275495
2576,0.8170172534657222
2577,0.8156038361862629
2578,0.8129399028611933
2579,0.8096174782619211
2580,0.8124756994869025
2581,0.8138124000636938
2582,0.8148843723354942
2583,0.8257538619350027
2584,0.8216458495853901
2585,0.8214711643457627
2586,0.8228527065756813
2587,0.8217708808630021
2588,0.8189141355989424
2589,0.8195147728612234
2590,0.821793667274002
2591,0.8233993707350543
2592,0.8225441833710923
2593,0.8237935962850581
2594,0.8211634989110513
2595,0.8219778684507753
2596,0.8251431313772158
2597,0.8214806575761866
2598,0.8253562289948787
2599,0.8288315494416231
2600,1.300902828719718
2601,0.81818158982015
2602,0.8134822682276132
2603,0.814292929789886
2604,0.8142979061569309
2605,0.8132485533689265
2606,0.818904063799359
2607,0.8220207786857976
2608,0.8208142397674193
2609,0.8205085481235466
2610,0.8159203093918576
2611,0.8192587129675832
2612,0.820164623949328
2613,0.8175854597789689
2614,0.8173874622796949
2615,0.819700165915752
2616,0.8187061956144077
2617,0.8216163658611118
2618,0.8213674030855975
2619,0.8220078917821281
2620,0.8215485683199659
2621,0.8210000433986442
2622,0.8210331149214418
2623,0.8235477976943362
2624,0.8258617599134582
2625,0.825828918300237
2626,0.8208482689875015
2627,0.8203045191494581
2628,0.831330122545935
2629,0.8308098950135961
2630,0.8282557027066123
2631,0.8304049759679039
2632,0.8289684138288521
2633,0.8264684646989412
2634,0.8296144892501062
2635,0.8192249158801647
2636,0.8203724381564861
2637,0.8208553195953888
2638,0.8244694523416306
2639,0.8212968789732403
2640,0.8189089542919118
2641,0.8155716673250603
2642,0.8215558811373855
2643,0.8161584956569513
2644,0.8169163077878118
2645,0.8165097248068366
2646,0.8148758339675801
2647,0.8157191055810481
2648,0.8191010379476253
2649,0.819873631564158
2650,0.8180055001765224
2651,0.818880330576444
2652,0.8285677468013246
2653,0.8246563559423333
2654,0.8249302317994096
2655,0.8291065200672897
2656,0.8266437874500504
2657,0.8272111428890255
2658,0.8263624364380299
2659,0.8259329352843692
2660,0.8278500532377006
2661,0.8274445148099845
2662,0.8279587177974683
2663,0.8257004010615692
2664,0.825295629040521
2665,0.8268689308125813
2666,0.8252856896695245
2667,0.8206493537805751
2668,0.8209327765992371
2669,0.8213553791616158
2670,0.8247751291541797
2671,0.8212955550486423
2672,0.8220986937086036
2673,0.8221184032719095
2674,0.822057089203572
2675,0.8207160013573158
2676,0.821560034514412
2677,0.8222369648308527
2678,0.8228970685570849
2679,0.825179574000462
2680,0.825759527013889
2681,0.8282298560647302
2682,0.8261392992029326
2683,0.8305051217725437
2684,0.8260951228708822
2685,0.8264437576813939
2686,0.8238704386213774
2687,0.8256965663860302
2688,0.8228076863573917
2689,0.8223996498224118
2690,0.82853861455442
2691,0.8219467273371144
2692,0.8191930103468438
2693,0.8223510553220372
2694,0.8183975082074272
2695,0.8217267139019697
2696,0.8212214619916682
2697,0.8215459013196101
2698,0.8194266319224371
2699,0.8208117282599113
2700,0.8197397216849368
2701,0.8187765297818356
2702,0.8158598130725994
2703,0.8171740882207034
2704,0.8189142476385208
2705,0.8163695946984776
2706,0.8154503334583889
2707,0.8164754895584866
2708,0.8181844968597317
2709,0.8153839494573798
2710,0.8178534220618773
2711,0.8290266301472735
2712,0.8282635799451671
2713,0.8205801459692956
2714,0.8190642300477948
2715,0.8206789912218039
2716,0.8188204070641246
2717,0.821969754036153
2718,0.8230233446424363
2719,0.8202506131239723
2720,0.8207239497653153
2721,0.8182164727269391
2722,0.8199028879000585
2723,0.8183882200071161
2724,0.8178506237234795
2725,0.8177369186813601
2726,0.8195564374343957
2727,0.8208517547618214
2728,0.8214889918136846
2729,0.8196413884302916
2730,0.8196555644228599
2731,0.8177475476795746
2732,0.8180249916422294
2733,0.8202192960174931
2734,0.8179419449429729
2735,0.8186836395179882
2736,0.8186155076263129
2737,0.8172762156199344
2738,0.8185560181589259
2739,0.819632356701224
2740,0.8184174359260136
2741,0.8191616348361627
2742,0.8198450880571658
2743,0.8202159337718739
2744,0.8201624343985104
2745,0.818803178755187
2746,0.8189491678692139
2747,0.8184126587283083
2748,0.8171138971788351
2749,0.8177229469479658
2750,0.8178317038155013
2751,0.8184795145681892
2752,0.8210252519382015
2753,0.819399551108891
2754,0.8221964732080616
2755,0.8188376539355844
2756,0.8148912315474913
2757,0.8109603139794541
2758,0.8141191014794029
2759,0.8209641585136258
2760,0.8177848520620195
2761,0.818593703955217
2762,0.8187372361653003
2763,0.82125772278866
2764,0.8188710249284582
2765,0.8251480385915376
2766,0.8165690072123526
2767,0.8142762926958248
2768,0.8177668154279407
2769,0.8181086220696624
2770,0.8180532511981411
2771,0.8153202695996585
2772,0.8162402784747476
2773,0.8208723626795448
2774,0.8197707963273213
2775,0.8163095911209141
2776,0.8190030633833075
2777,0.8205386737450879
2778,0.8153019795572263
2779,0.8175083853325771
2780,0.8149640271815877
2781,0.8153631694538032
2782,0.8156697866053509
2783,0.8158527016987355
2784,0.8174675158405303
2785,0.818653103995353
2786,0.8106375083722749
2787,0.817633280258121
2788,0.8128874535952628
2789,0.8197968424210439
2790,0.8147920844393516
2791,0.81713954501154
2792,0.8090922955649861
2793,0.8174884388940553
2794,0.8158427516636616
2795,0.8173316470367514
2796,0.815352638728299
2797,0.8238747628004264
2798,0.8157401777541287
2799,0.8163145328742109
2800,0.811994805398999
2801,0.8159136464860561
2802,0.8176838320334554
2803,0.8209853787226594
2804,0.817549214608491
2805,0.815217634436731
2806,0.8136763088054505
2807,0.8223896004970059
2808,0.818981392980805
2809,0.817940927328418
2810,0.8174737523045019
2811,0.820057489083744
2812,0.820296647596999
2813,0.819814949528478
2814,0.820152037897363
2815,0.8151810544389133
2816,0.8238187052469109
2817,0.8199235802157
2818,0.8183728416604747
2819,0.8195484119605954
2820,0.8186114138629196
2821,0.8152421934684638
2822,0.8203606565744928
2823,0.826348111203578
2824,0.8203914519319278
2825,0.8188555115266505
2826,0.8183615243995171
2827,0.8181569068745747
2828,0.822901166730821
2829,0.823213326731607
2830,0.8232969662060294
2831,0.820622681707679
2832,0.8240663843452536
2833,0.8261613015536889
2834,0.8232571022836727
2835,0.8233007561657285
2836,0.8215126352905963
2837,0.8200222694231268
2838,0.8198904656719755
2839,0.8210965194688634
2840,0.8224443472623634
2841,0.8221648788670527
2842,0.823513272241981
2843,0.8193436472290139
2844,0.8207963091329692
2845,0.8177458482521965
2846,0.8224139246940387
2847,0.8229831364194462
2848,0.822966439418612
2849,0.8218851532062773
2850,0.8247580023917017
2851,0.8225156640699598
2852,0.8237429081903341
2853,0.8235639414322069
2854,0.8183302507846503
2855,0.8221703312082141
2856,0.8219255581505365
2857,0.8215001436489858
2858,0.822188972280225
2859,0.8159177503091184
2860,0.8188272377491856
2861,0.8176624946471598
2862,0.8209697207027872
2863,0.8181749490593738
2864,0.8242553865800069
2865,0.8189759535582422
2866,0.8185321386142066
2867,0.8163123123139866
2868,0.815060245489504
2869,0.8155733005843111
2870,0.8167176699441584
2871,0.8135678261874066
2872,0.8093125859290755
2873,0.8150169310896681
2874,0.8190208006143194
2875,0.8175011142688774
2876,0.8200116213039906
2877,0.8196490148800263
2878,0.8203503277258821
2879,0.8188185376960503
2880,0.8163132678214852
2881,0.8190286716369394
2882,0.8218666161194577
2883,0.8223075861390894
2884,0.8207309223048432
2885,0.8212156611554462
2886,0.8241711729188618
2887,0.8161264013211462
2888,0.819283739004979
2889,0.8099905785654542
2890,0.8133754936462906
2891,0.8189906888171843
2892,0.8058076565323467
2893,0.8110606700783001
2894,0.8071578224115477
2895,0.8276056879290524
2896,0.8254296489745137
2897,0.8230657054871241
2898,0.8183595289011107
2899,0.8221192807673651
2900,0.8200969378489888
2901,0.8225134839065796
2902,0.8199179767848094
2903,0.8265062774239371
2904,0.8270042944498639
2905,0.8131876735869273
2906,0.8218477490804069
2907,0.8159370430235279
2908,0.81783319555161
2909,0.8188560268322206
2910,0.8123245331140994
2911,0.813135275477929
2912,0.8195843780126179
2913,0.8129903285046478
2914,0.8128056026480751
2915,0.8140825044009714
2916,0.8133883591537006
2917,0.8208182815414241
2918,0.8175190381330043
2919,0.8229709729445719
