Id,SalePrice
1461,122399.10571869258
1462,159162.82936275934
1463,196519.6752427558
1464,195375.35521120566
1465,180810.62089084252
1466,174884.17178471043
1467,178772.87974876384
1468,168615.89187048122
1469,183958.94406661642
1470,127563.96022198646
1471,194101.75802793558
1472,93014.04528339204
1473,98597.31511509175
1474,149429.52391932526
1475,109911.59712761852
1476,358407.6166324106
1477,242073.46747080047
1478,280118.1634163998
1479,280457.4370796087
1480,500299.2576745671
1481,329875.0517303366
1482,199681.1266912962
1483,176632.29543712043
1484,164730.44155807953
1485,183567.1663175009
1486,197093.4848402181
1487,341616.1538740629
1488,234106.53951540194
1489,209852.51242863218
1490,235792.962841776
1491,190682.08668259913
1492,93777.80957844209
1493,181351.76816101823
1494,285688.18282129394
1495,280012.7111876224
1496,247532.31842367086
1497,181693.1971297249
1498,164609.24355686456
1499,165747.95205564678
1500,164892.87772648135
1501,188952.79556591375
1502,147855.90272602355
1503,301663.19015349867
1504,239226.42460026854
1505,221864.4737140493
1506,187372.57037161794
1507,251619.2165671692
1508,199073.74724279682
1509,161993.1588511525
1510,147993.509111727
1511,147075.9384965867
1512,168009.13681549672
1513,148693.44651782612
1514,142889.3483705878
1515,192837.35890297018
1516,143265.6599030337
1517,162547.78775049403
1518,130548.73432569425
1519,237413.13091659482
1520,137729.88687057694
1521,140736.37008497538
1522,157451.7975345303
1523,112308.15862068454
1524,118237.75531304356
1525,125032.2517533703
1526,116876.60140103365
1527,107878.37635225731
1528,130011.99794497924
1529,152380.54892289403
1530,166679.85216433654
1531,114202.73820830674
1532,94557.76287431177
1533,149730.35905807486
1534,113669.13363872729
1535,148426.3276795446
1536,110221.85346629919
1537,77591.32138604576
1538,136087.22469829748
1539,187439.364566461
1540,90276.50094722549
1541,144967.38357576277
1542,138204.93722267065
1543,206246.5773437707
1544,75394.27170367172
1545,108643.9770639148
1546,130007.87037779861
1547,141099.50127586728
1548,141830.05254128354
1549,112944.58928372037
1550,139801.97832470055
1551,116342.28427236399
1552,149276.76669356448
1553,137045.1731958772
1554,116028.92226883188
1555,168189.24893685477
1556,78343.18100860571
1557,98751.10370435256
1558,92937.75447923427
1559,73021.73042051891
1560,141567.957414719
1561,131534.40948989853
1562,126709.6272578518
1563,127115.79533906543
1564,158850.72968675522
1565,154162.9824342648
1566,229762.4187332668
1567,70254.3763172031
1568,221344.86705759843
1569,137405.3768967161
1570,138659.22793694548
1571,111210.73567950628
1572,145029.40499310606
1573,242653.90109901485
1574,115040.74756633244
1575,218628.33174670045
1576,253646.08578829197
1577,203015.5121461921
1578,144890.83367922454
1579,145768.0872189519
1580,192298.72869228534
1581,148338.12469505097
1582,129371.28262679698
1583,323307.94652993017
1584,227003.72007595803
1585,140080.74297185027
1586,73716.35366119085
1587,96613.80867917874
1588,150052.91099236414
1589,97724.47008269197
1590,127304.24269977296
1591,90351.67104051584
1592,113535.25247572259
1593,124165.17745752039
1594,130588.36975132364
1595,107126.70021993933
1596,242576.8875031561
1597,174737.45556426822
1598,199248.340630356
1599,173757.36051937717
1600,162944.272866292
1601,68926.5130320959
1602,116522.98997604233
1603,71393.70352890188
1604,259904.22132408217
1605,218219.7885247292
1606,156900.04919387767
1607,146524.90975666698
1608,207529.67323102136
1609,190180.51635039516
1610,168732.15037770444
1611,138902.69845394042
1612,171365.01481197198
1613,166911.41387391835
1614,122426.78280226528
1615,81376.13258587643
1616,70370.37462416383
1617,87100.02187435541
1618,117503.6893354162
1619,135026.48782394466
1620,168540.02681486218
1621,140362.9275860597
1622,135079.4442130087
1623,253316.905295473
1624,210343.9093081541
1625,118679.32256041943
1626,158622.49483254022
1627,189087.59682898002
1628,281977.733704436
1629,185370.7765179817
1630,362285.81884647725
1631,201464.9312788389
1632,225398.56871238406
1633,180536.61989353903
1634,187425.19573080214
1635,183145.3985619862
1636,158036.50812162674
1637,201465.04270309486
1638,192898.05937936372
1639,174981.26454863153
1640,270407.4465583367
1641,172383.22824422494
1642,233054.6575112252
1643,218885.00333706551
1644,231717.9309714893
1645,202963.86926601443
1646,158590.25540833914
1647,152121.89679903016
1648,133815.94217324254
1649,136422.17013824396
1650,120260.40490841205
1651,120461.81699664188
1652,95021.43989053387
1653,98939.99829227717
1654,149983.42114150108
1655,141115.68427452474
1656,143590.45412257174
1657,150979.4769910225
1658,145373.31027730904
1659,123298.29766406746
1660,160289.50661955148
1661,446552.11734710715
1662,380454.5871580779
1663,402578.1191110964
1664,419418.866418529
1665,305414.8989028983
1666,332683.73157786694
1667,359794.7620475672
1668,348948.1060572817
1669,285238.5035030635
1670,363618.95544347673
1671,260989.19433075527
1672,427603.16197178594
1673,289762.5063562226
1674,244436.49607425052
1675,193044.8750240097
1676,195576.69943684005
1677,220619.16951291534
1678,516239.1320186905
1679,393632.1173910105
1680,335291.1620057806
1681,264699.02888960525
1682,321563.8340907129
1683,182292.59138488836
1684,170231.1553678253
1685,165703.8269559628
1686,167196.90023178107
1687,164528.84979807274
1688,192407.9086277459
1689,194030.70922982317
1690,192410.0349350636
1691,185854.3000618414
1692,263142.2043122085
1693,175992.90200566425
1694,185032.86205127352
1695,167588.0951053603
1696,282055.8032158862
1697,175921.6400213458
1698,352978.30099786224
1699,332679.87331143586
1700,249884.18529969192
1701,260306.25357646644
1702,261513.42224018197
1703,259213.10098662841
1704,281884.0217669928
1705,225386.8207793837
1706,431778.1154735703
1707,215796.9147818393
1708,223915.6190972484
1709,282156.906516461
1710,221166.61610976115
1711,262245.32676766464
1712,254264.63732716852
1713,296329.27159606025
1714,227103.36565468562
1715,209839.21126027228
1716,180311.0824240733
1717,170710.6450866172
1718,130428.2839444709
1719,197476.4077232848
1720,236056.0725614669
1721,153986.42624807797
1722,124779.35760282632
1723,159131.04388640737
1724,217789.98187609477
1725,239445.29609113187
1726,186912.6042092559
1727,170418.05136496818
1728,158158.4825180891
1729,180100.78502302972
1730,159359.9350456913
1731,123838.19153376546
1732,134693.91591053893
1733,121528.5415200625
1734,124832.1481588332
1735,118348.43505999769
1736,120554.80011307396
1737,300338.1710581524
1738,219307.78075639042
1739,269261.8395618606
1740,223728.34944392394
1741,200293.69141036828
1742,173443.03565559504
1743,172526.58387651524
1744,314370.64432575216
1745,209720.4072775127
1746,163686.0854297944
1747,224517.51777069885
1748,213591.84148151675
1749,151162.5448496127
1750,127838.91399119572
1751,222273.20472618088
1752,121619.09266016936
1753,144862.24703826435
1754,189186.0192542549
1755,164202.66756224597
1756,130550.00021655555
1757,126588.94221807699
1758,149079.7950238816
1759,161657.75656876518
1760,171108.23391391948
1761,141581.45268024725
1762,182042.4561585394
1763,165155.5067597589
1764,123136.35331545258
1765,123010.58400233589
1766,176891.42335071464
1767,213227.0767833281
1768,146696.42194069648
1769,162238.64901088856
1770,144955.36746557127
1771,130413.06130913986
1772,128162.38867342113
1773,142165.52703788358
1774,129685.37941204378
1775,138291.3926553835
1776,124155.66511704709
1777,118472.26306958905
1778,141710.9988018656
1779,119508.32533793041
1780,169501.14536266646
1781,130406.50097932297
1782,94141.78328741521
1783,144428.25268471535
1784,108645.11973667555
1785,122541.46822661711
1786,144175.85145299367
1787,153897.94569395325
1788,56024.99352138863
1789,100270.84571941859
1790,84790.47957892403
1791,183731.99545788788
1792,153069.99272787911
1793,130036.49200688812
1794,148373.81984066014
1795,131706.1170552214
1796,124784.72328866406
1797,117931.26995352338
1798,127557.28015741507
1799,115983.50589277169
1800,138168.0010962428
1801,130345.48204785792
1802,121510.66398239309
1803,147490.94727546064
1804,146367.73247889595
1805,134533.38775280636
1806,117169.96195779095
1807,117028.50682675523
1808,116626.17473503965
1809,120749.16603794735
1810,150211.33084854673
1811,93610.85979313147
1812,92787.0438694525
1813,132274.08793206487
1814,101321.99913807455
1815,54310.75748397498
1816,97198.31660270187
1817,113167.49079264133
1818,147020.74519062962
1819,127052.75562545918
1820,50724.968610801625
1821,105589.81279909998
1822,147907.88936769147
1823,45508.26926029154
1824,125994.83341739274
1825,143911.8431299433
1826,108156.62331620559
1827,105836.12766767181
1828,135471.66193058988
1829,118057.29215181828
1830,146327.10330843076
1831,146288.53294265887
1832,78843.9850078134
1833,140340.6699044526
1834,127272.56988023352
1835,118395.23300047246
1836,120250.8327347364
1837,85467.94635030265
1838,132170.01296735564
1839,95677.61476403446
1840,180771.9493351809
1841,139122.16030106295
1842,85362.00433331545
1843,139160.22844196134
1844,143277.79323370007
1845,135254.10856785587
1846,147545.37502326228
1847,158546.45094731
1848,57353.923062458736
1849,103722.27576513667
1850,118353.2919805403
1851,149093.61953795105
1852,126916.71977964367
1853,138742.6447158993
1854,167708.01177659817
1855,149586.54969832982
1856,210031.550963269
1857,140012.7920956421
1858,139078.1204264616
1859,116479.9707663118
1860,157430.16223085317
1861,114870.30301729706
1862,298166.827495432
1863,287844.2964304884
1864,287828.0563582041
1865,352940.55742716015
1866,350442.20415176084
1867,242674.7248897373
1868,293405.3497248948
1869,206519.0187843275
1870,227753.40503864578
1871,249635.3738264786
1872,168764.87419252103
1873,226686.88207496004
1874,151915.17194336982
1875,210820.6698470891
1876,192944.3537264839
1877,204875.23840460344
1878,201276.2373877581
1879,133319.1562857952
1880,137604.08255877465
1881,245407.15871975603
1882,250728.51684646995
1883,186631.4776750807
1884,198912.6520493057
1885,242403.2230307292
1886,298830.39351976
1887,199852.99206892189
1888,265221.6193803421
1889,164006.4036720313
1890,132568.88004415462
1891,133597.95610960305
1892,103796.04311444794
1893,136769.72638130616
1894,116057.04592612064
1895,140483.19599692264
1896,126959.620929969
1897,121279.30888255555
1898,113813.28555467687
1899,153612.0048626136
1900,135246.75925995078
1901,173789.21560079043
1902,136709.65895200166
1903,193544.89181270148
1904,145860.5599108776
1905,193823.6631863274
1906,124500.4270596306
1907,182493.7413425505
1908,110411.0409116272
1909,137897.09973629125
1910,119602.7085105908
1911,216778.88197137206
1912,323334.0486148175
1913,133661.38604957462
1914,49384.315844798104
1915,316602.6508498463
1916,63956.310620915225
1917,240404.1515455142
1918,141235.19772995953
1919,165649.55482920932
1920,141753.49134229752
1921,432498.1760174027
1922,329910.4039522386
1923,205825.04403556866
1924,246326.30224230804
1925,193715.91934818958
1926,419702.49145998206
1927,125817.30798890808
1928,153390.6250017479
1929,124882.37477969399
1930,132759.97856585393
1931,149667.05771550603
1932,141900.00813263393
1933,192093.98952841296
1934,175823.09021992306
1935,179007.0666145987
1936,189803.55730372883
1937,183769.77283231082
1938,179751.29891337184
1939,247375.13517385055
1940,178386.76510090084
1941,173622.58217339177
1942,187843.2189714458
1943,209117.45818309524
1944,397035.87370596733
1945,451610.13346764876
1946,152759.00854633955
1947,379863.3057903187
1948,176199.27925442636
1949,254636.99327228125
1950,176474.72761264644
1951,257473.28398624153
1952,203639.2470431491
1953,167441.8767307087
1954,182795.52560745066
1955,134688.90107815719
1956,298865.7262427156
1957,161138.63429814202
1958,332311.2835174922
1959,142164.03360017482
1960,111514.31325269684
1961,129627.36585902194
1962,94044.9355606611
1963,101174.90420736147
1964,113693.35149290998
1965,149221.2190878207
1966,134908.12879508873
1967,287052.7466151234
1968,427743.2244977494
1969,426591.1079136083
1970,456161.6396690731
1971,464727.1563444419
1972,385916.28935798275
1973,247966.54881021875
1974,329496.0517646176
1975,405452.3148932744
1976,272262.37556112645
1977,376600.89146647917
1978,350249.6434203576
1979,345479.7891686377
1980,191843.20151932345
1981,348455.78908316116
1982,216104.0582987932
1983,211011.89068646307
1984,164916.61827718499
1985,223876.14898462125
1986,219602.79890819438
1987,177955.0488568808
1988,172333.2918014837
1989,191048.16504809103
1990,216095.45351057305
1991,234389.41794224628
1992,207221.54413445303
1993,169709.09751892998
1994,228480.14244989285
1995,183007.73031418028
1996,258630.14125384614
1997,312143.87198357534
1998,337727.4185166965
1999,254072.10639354523
2000,326059.73859329947
2001,262148.6660592602
2002,253239.45719943524
2003,268436.91301891906
2004,268443.56061708694
2005,210463.37293672207
2006,226384.45166026574
2007,251263.13043959
2008,232905.6384919006
2009,198188.8097306738
2010,193290.63925011072
2011,129698.89675260635
2012,176946.4416849454
2013,181729.10818288912
2014,186034.17183663434
2015,204244.4310265034
2016,199556.7958750381
2017,196942.4476699135
2018,124303.13062745538
2019,138228.8329705033
2020,112132.86770231588
2021,110060.69861739103
2022,174815.10525581686
2023,141873.21943426158
2024,247254.33511688487
2025,328282.3174101261
2026,175989.66026380242
2027,163557.91548439013
2028,148802.7280163138
2029,177657.18843621275
2030,274669.7392261147
2031,231985.49214701998
2032,247776.9388460743
2033,266518.5065502043
2034,169617.62259131254
2035,212410.3654082187
2036,179936.5914575156
2037,179885.97419969438
2038,255572.0985699936
2039,229896.8772048433
2040,280624.79937148496
2041,281881.1044001285
2042,201673.06259460334
2043,167558.12000834788
2044,161519.19087132864
2045,205140.5551884825
2046,135366.47048866667
2047,149022.9036132831
2048,141854.5849412985
2049,133733.38502002234
2050,175962.35724459065
2051,101172.5819301165
2052,133744.6159354561
2053,138463.55746915576
2054,70712.3996446081
2055,150437.84517341712
2056,145455.4472838004
2057,120116.68927938836
2058,209114.91582239512
2059,137389.59040783855
2060,167375.0214946627
2061,164871.53679764803
2062,134757.66024974172
2063,110511.86024855044
2064,143487.39409113833
2065,114055.73762425232
2066,165681.3948357836
2067,101749.63183408082
2068,130380.38154395217
2069,81885.54973282009
2070,109676.64591159523
2071,100424.15422438826
2072,114831.44249985155
2073,148122.8769820435
2074,179957.86756948597
2075,142770.55901995988
2076,123692.4448245515
2077,154209.9700602173
2078,132265.14259254682
2079,132997.88904199997
2080,120073.5235621659
2081,119667.00231290488
2082,125023.6021343649
2083,142529.3238324638
2084,110842.74036438233
2085,131215.20410471637
2086,130432.44767840285
2087,122385.53438379314
2088,92632.88040210435
2089,78178.17065634161
2090,127493.7578175033
2091,117262.91421360732
2092,127971.83809204501
2093,113529.18927994916
2094,108216.8221805941
2095,146577.73966447418
2096,78545.49907027252
2097,97898.86113372864
2098,143648.71435640982
2099,55218.411696265095
2100,77504.58789446608
2101,116030.1749232295
2102,121776.83294371207
2103,105169.19849072499
2104,125083.1997185265
2105,120820.39513648402
2106,67456.85525202606
2107,206298.73548999152
2108,111418.99242355156
2109,109459.60116772474
2110,134584.3401137346
2111,130333.29057693484
2112,145750.4232489496
2113,124818.50747026749
2114,103666.09832910553
2115,163250.02875331638
2116,117169.38970721677
2117,153267.06394739758
2118,126739.06896911559
2119,108282.67697841667
2120,120541.1063664401
2121,77515.6155736269
2122,109311.55612329538
2123,90822.7283276128
2124,158726.48779927814
2125,125171.49883763245
2126,153197.35470858804
2127,141940.37710719262
2128,115787.81567015557
2129,96560.94872116827
2130,138411.17846607373
2131,141448.11379200293
2132,111704.85060404644
2133,126756.54589670991
2134,123288.34008739836
2135,99250.54379763843
2136,73474.16275054462
2137,116930.49566210597
2138,128570.72071699977
2139,147099.5494664204
2140,139641.68921963472
2141,141650.64868445022
2142,129695.03397803952
2143,142861.4499401387
2144,123543.09396567976
2145,136853.73716080678
2146,165662.01021982628
2147,141190.36534481327
2148,129176.61968710172
2149,148951.3418489669
2150,227362.247162644
2151,102753.39319622528
2152,154379.54592263539
2153,161198.6381701499
2154,107309.17509307065
2155,138111.65141708663
2156,250052.95809417992
2157,235508.33487822296
2158,237424.44207857896
2159,196365.07068160112
2160,167866.82819422087
2161,239132.87614195232
2162,358395.0298678142
2163,374874.5325500603
2164,232229.70622714458
2165,194907.61812097605
2166,155915.12264822298
2167,213493.53389139473
2168,205555.39076826256
2169,197813.99884086978
2170,223225.03280856682
2171,144258.10708362432
2172,135248.03041942682
2173,164997.7328392895
2174,226817.0062942223
2175,290098.1936672061
2176,329437.02589327085
2177,241107.93004668865
2178,195098.37690058793
2179,141293.51169455255
2180,202487.31111943175
2181,178893.1843544616
2182,213206.98550573346
2183,189950.40323975062
2184,122780.11806479414
2185,119600.06104255878
2186,148029.54531333575
2187,152684.945832635
2188,153687.8868841156
2189,209800.4152124363
2190,80730.36439405229
2191,79324.11150185308
2192,87712.51828451724
2193,100675.93304389551
2194,99127.94033670716
2195,116285.09582794513
2196,111637.18117254063
2197,122812.05997383322
2198,154527.71758050818
2199,175709.65590174642
2200,144073.1102378199
2201,133665.57921393405
2202,204041.42645770282
2203,148957.36050619604
2204,181511.27742089517
2205,122631.8217152612
2206,134815.7649568871
2207,215343.66958085864
2208,247502.7743087541
2209,241797.3081569194
2210,122755.95651208567
2211,114824.01709004444
2212,117928.65244706889
2213,100740.08006974327
2214,126689.71243564464
2215,106839.51059474956
2216,153420.75063496004
2217,69943.19203163315
2218,63298.41275545895
2219,56787.823103067225
2220,54748.99903177653
2221,319449.65790688386
2222,278550.68332313484
2223,279325.9649375458
2224,206592.47694949282
2225,117734.79568951113
2226,190052.5580616562
2227,197636.78919109388
2228,261969.83123550547
2229,219065.6959368727
2230,165445.97653447348
2231,200589.73698236796
2232,184270.1126290458
2233,174151.05950052477
2234,232235.41874368204
2235,218058.3514141829
2236,248019.9981630823
2237,352417.53337176674
2238,200227.1551434768
2239,109629.09811240935
2240,154929.2760397667
2241,150312.46799226553
2242,122758.37718024102
2243,123269.03150829764
2244,101722.3935351476
2245,99110.51468446775
2246,133500.90480807875
2247,100026.54248816175
2248,122958.09749110308
2249,122877.0215670356
2250,133445.10434196933
2251,114190.43619515703
2252,170050.6617131501
2253,162205.1736891542
2254,186343.15663066725
2255,191545.77708584783
2256,177580.89009424017
2257,210832.1091164358
2258,167116.8687232664
2259,182739.42140295508
2260,147330.51951158055
2261,187590.1574644034
2262,212327.7812758962
2263,390635.4592625997
2264,439215.4840136043
2265,165784.2292983305
2266,337493.14947499416
2267,373054.1209741674
2268,408654.9893516561
2269,150289.64059493123
2270,188208.23009479928
2271,223578.7186158655
2272,199700.98387595333
2273,166949.45621161663
2274,179397.06380190718
2275,166883.68179579364
2276,203917.32521135669
2277,191226.17378865014
2278,147500.36390829732
2279,128513.68421229841
2280,110832.75703027139
2281,176236.29597884268
2282,189478.5139523082
2283,99650.83556229295
2284,110835.4095108178
2285,136120.789371811
2286,124819.52236781013
2287,354499.0401605441
2288,256197.3117261341
2289,378144.75802764774
2290,445566.7367167612
2291,322915.25978493673
2292,451352.3925278175
2293,431428.5917265212
2294,401691.94888847275
2295,454133.9480117218
2296,253451.4687757132
2297,319051.5572084423
2298,323062.1848417345
2299,382488.40853681596
2300,351375.485572384
2301,286721.53464805766
2302,246686.36162314308
2303,227531.4606463363
2304,228603.14866418391
2305,179466.90745516005
2306,181611.44102152478
2307,191975.33252998343
2308,232262.79118126965
2309,273735.0519739362
2310,213286.60396349404
2311,200313.72698232287
2312,178510.30808509764
2313,170037.03842037363
2314,170041.1181715586
2315,173342.44578485613
2316,182900.69974758988
2317,185080.58637432946
2318,168695.45167001264
2319,169751.12280799635
2320,184012.66470985868
2321,235252.2337978047
2322,166819.7333494994
2323,190578.62316075742
2324,173930.4328839647
2325,206079.33001384497
2326,171933.75752414257
2327,207498.7383635638
2328,228475.4220431448
2329,189909.7119184521
2330,179302.0298229675
2331,360150.0960779094
2332,373385.21921752224
2333,314155.54022905545
2334,248636.84670830888
2335,259827.09145399337
2336,345655.6582944261
2337,193281.15295478693
2338,252645.96292489025
2339,213049.8023490532
2340,375621.89346378675
2341,207798.8796111821
2342,216868.97949590866
2343,225395.0986969646
2344,215723.07081734645
2345,229548.12797588026
2346,210452.85429858285
2347,201755.83226720392
2348,224246.08422995757
2349,181990.18855025934
2350,303510.3613029374
2351,259154.92036342295
2352,259242.13017772656
2353,263774.33611796185
2354,130952.37600819007
2355,133581.63585326957
2356,151137.40140780207
2357,197139.67154138128
2358,192820.6072711011
2359,128494.16424250098
2360,118534.71901721162
2361,146370.94321993066
2362,285092.6553669672
2363,138029.9910429605
2364,151495.4766699293
2365,209022.74172502884
2366,181441.067404376
2367,211111.68441084714
2368,219281.99629594712
2369,209881.7713061577
2370,179575.30259050606
2371,173558.96783986344
2372,187607.1526926128
2373,267294.41278836905
2374,333415.75510954426
2375,260675.5356387625
2376,271684.88634009677
2377,337447.6207652035
2378,155474.35596702574
2379,193647.4279445086
2380,142707.97126371396
2381,157958.87224386187
2382,189234.89670541885
2383,207466.7685651187
2384,244806.06229945226
2385,159443.54831913736
2386,136219.97435447862
2387,131087.07678556629
2388,100629.18106688967
2389,126653.37315219967
2390,162374.7169402338
2391,146534.563348075
2392,117340.2064769735
2393,167150.23511995637
2394,152112.91037760623
2395,199259.97521539585
2396,145213.2845349506
2397,198427.58303489425
2398,132132.82876296376
2399,51629.143894053355
2400,48435.860957392455
2401,108256.18204344982
2402,134191.22051985253
2403,136524.23002679498
2404,153474.70865048218
2405,158300.20372108385
2406,136411.74573560056
2407,125489.35069981388
2408,140349.03234549458
2409,126840.49772617212
2410,160629.18711278742
2411,125252.75370914374
2412,159118.6036321227
2413,132744.10589079678
2414,148615.25026470536
2415,132274.4483121761
2416,125289.77511947496
2417,134819.3355256052
2418,130146.45568413749
2419,120531.21636157339
2420,131398.40543017743
2421,144652.17892585025
2422,116595.12148115436
2423,114496.6744891746
2424,141719.54885724178
2425,210771.21536113464
2426,132147.3747703285
2427,130879.71108038777
2428,164363.3707336826
2429,114534.99943927488
2430,135879.9064926729
2431,114028.67521768558
2432,144803.0827338345
2433,146886.6402542075
2434,144568.10612472624
2435,152698.00578863884
2436,111971.82083184687
2437,121303.18622744198
2438,133626.30565103877
2439,113010.38454067934
2440,121422.59907660019
2441,87005.09647750185
2442,99554.57644004609
2443,123526.99268779374
2444,122209.6877178974
2445,79984.01026763808
2446,137096.14354571133
2447,172894.48790681554
2448,137313.364993788
2449,101587.60164361297
2450,146462.59157251974
2451,122187.01645744203
2452,201130.22528841798
2453,85924.22177216123
2454,123611.64211369312
2455,112437.74675120598
2456,133637.1005675546
2457,136197.31722368096
2458,119494.68744448863
2459,113285.3682676116
2460,131059.51960134502
2461,119725.31428811196
2462,140829.0537666767
2463,123840.73979605525
2464,173070.43979662395
2465,150590.15745640325
2466,120121.43067792864
2467,135167.11033724123
2468,81419.92338689032
2469,78059.51599465143
2470,187660.9049829536
2471,196277.9909949938
2472,150437.1599251911
2473,122012.05671842152
2474,78942.07306288503
2475,211285.3417020007
2476,113771.6201401335
2477,133124.86611310582
2478,151483.90463381482
2479,105111.67231818223
2480,160237.80031821877
2481,126763.7161892125
2482,134779.4847436732
2483,114522.2162144721
2484,122481.44745473187
2485,123627.66748961517
2486,162552.91587085935
2487,189715.56915859695
2488,149041.60691637127
2489,146456.61520110228
2490,156563.8246868166
2491,84968.68796705206
2492,183454.97992858425
2493,148017.5582364265
2494,139831.98158692237
2495,89661.55718996264
2496,225018.6098669825
2497,139407.28846737504
2498,115372.25346716162
2499,90287.40904343079
2500,141191.16076036962
2501,136571.34822884016
2502,141505.5574640484
2503,81303.8067059418
2504,171535.7211070255
2505,237105.9346630893
2506,252303.93260110627
2507,258392.02137721077
2508,250358.83400168412
2509,216109.31381943927
2510,216998.0259539401
2511,174572.99783653297
2512,206221.71349216
2513,219548.58594245726
2514,262064.22067403758
2515,151360.96344241258
2516,176004.04686846133
2517,141029.39261488096
2518,150829.1735118407
2519,230195.22698159656
2520,212194.82988834454
2521,190789.72846049772
2522,214797.88953979916
2523,124725.84545538778
2524,138835.42212280794
2525,150212.44079564113
2526,131693.6591555597
2527,117442.59501947682
2528,132812.4970957287
2529,136243.66951629592
2530,118126.14471864935
2531,254532.31274828964
2532,220591.89897462048
2533,194777.87236011043
2534,225271.768822838
2535,304426.6442839467
2536,240457.37768860615
2537,235577.08697332174
2538,180969.05576936278
2539,183934.22093910992
2540,178154.6890161582
2541,180915.91497626764
2542,166610.3780967454
2543,129295.4446128334
2544,121845.14729208116
2545,127432.17828897269
2546,129556.40532557861
2547,137490.14189677872
2548,143620.84723517438
2549,170706.3175487302
2550,243117.9582406809
2551,142320.33852179244
2552,127595.8721539396
2553,74983.383162674
2554,101917.8080314589
2555,122095.548199276
2556,108055.17463476781
2557,109851.10735187487
2558,136886.6371740196
2559,136747.32985893535
2560,152500.50393542257
2561,141689.37684714905
2562,143598.3157800684
2563,158597.54091085462
2564,200833.8866262915
2565,138382.5519330473
2566,170695.37769478795
2567,131847.49825394232
2568,202633.86677080844
2569,209827.16087688695
2570,117812.3488834722
2571,189306.5623319618
2572,135215.28645311887
2573,221517.00897416298
2574,258907.2295456507
2575,132076.88902200118
2576,114482.96583426636
2577,156090.3503315299
2578,77708.527909156
2579,62584.81076980183
2580,94737.50928870388
2581,98142.80503994711
2582,93289.34423427461
2583,268116.21943726914
2584,157865.46611528707
2585,200627.9191392157
2586,212900.39292093023
2587,188022.42351616785
2588,138790.05121077853
2589,144448.3773483809
2590,208110.8012749112
2591,199696.02596533997
2592,203245.34135757593
2593,250110.59776718466
2594,171729.37945281793
2595,181976.92421828565
2596,302528.30315026944
2597,191744.16412629242
2598,285918.54535295954
2599,294270.884335817
2600,154003.73292546222
2601,148232.61561229514
2602,79111.3414391753
2603,94429.4175715905
2604,84473.31869862003
2605,76098.87917996361
2606,152031.44614455415
2607,189402.49669194382
2608,188763.18686467948
2609,169617.88129623863
2610,105598.68125085138
2611,111090.41327360287
2612,147453.14284086472
2613,134082.32535639787
2614,134175.34161792923
2615,152475.28659247782
2616,142921.29184341512
2617,185868.27303363732
2618,217019.06258427567
2619,192364.32527077795
2620,183857.12417567128
2621,179189.94739487354
2622,186907.98151778383
2623,235840.89887698894
2624,307518.95768970053
2625,290717.6598497196
2626,176550.57092008914
2627,157532.5341621645
2628,530603.6288475228
2629,556024.2754540108
2630,362179.5057729577
2631,446861.50086869096
2632,443075.01414384757
2633,369793.3209872775
2634,430147.4085041771
2635,159845.90009120316
2636,180035.75544189368
2637,176443.457761055
2638,248503.14003819227
2639,182949.42783770539
2640,154922.0941479541
2641,110168.40207093222
2642,192825.58862771187
2643,99809.34214264191
2644,127281.61418820306
2645,104227.42343711182
2646,95469.83848709526
2647,101526.95759828825
2648,141334.07179268065
2649,151018.83415818808
2650,131346.96909754822
2651,139649.98310877237
2652,395428.90185974777
2653,248516.61581151237
2654,245916.53698688973
2655,430533.9591842686
2656,298274.37188176956
2657,312807.9218047111
2658,271276.4408775872
2659,287061.08236115804
2660,334998.5173113299
2661,356346.9094053038
2662,384569.2968281284
2663,277440.9012761871
2664,272149.63359766576
2665,318968.801228242
2666,272949.553983571
2667,163915.18838177473
2668,180323.31273162444
2669,176167.25133386042
2670,258785.80770167932
2671,176908.65244771435
2672,183908.09370593925
2673,196772.18071118454
2674,200000.86259883494
2675,176282.58671353967
2676,186992.89502870286
2677,187258.0687828272
2678,249956.82055838674
2679,282460.56146064296
2680,269341.1820606217
2681,411928.7254419683
2682,331899.41966141056
2683,534345.5337764341
2684,325209.98446075094
2685,333123.948899002
2686,244896.48954318435
2687,328433.9790652468
2688,194533.31884336116
2689,196433.733237148
2690,436412.73675231216
2691,198791.94372881053
2692,125691.90185581266
2693,186302.9230434354
2694,129726.05115688592
2695,192443.5042746364
2696,181014.7787005761
2697,186980.57089607624
2698,188292.956573059
2699,187884.8302688025
2700,168764.4162400556
2701,141031.4172079374
2702,111424.483456278
2703,109046.5857197745
2704,143241.0157127908
2705,125721.91483721918
2706,113653.1941901315
2707,123369.78350749223
2708,133096.60505338517
2709,102849.6412610423
2710,131783.68688634963
2711,298968.22321876517
2712,401816.8121127446
2713,177074.89337703894
2714,151678.93272865008
2715,170471.6320842863
2716,139917.04495086073
2717,178236.59527144115
2718,231844.70979644379
2719,155086.1692417531
2720,169654.20798240358
2721,141464.78291945634
2722,154996.97517706561
2723,142755.35310917484
2724,136227.87574369984
2725,137568.72300560694
2726,150359.56824199692
2727,168334.34693531398
2728,175193.30762606178
2729,159631.952195742
2730,145320.02125452852
2731,126891.6140915804
2732,132886.54121671937
2733,162250.4561596737
2734,143615.76637079936
2735,144203.31667791086
2736,149782.99701342997
2737,125720.05520395807
2738,130084.51932276216
2739,164882.68864672576
2740,134672.5964185127
2741,147909.77095724829
2742,150999.50050557347
2743,146802.05266062543
2744,154288.831278214
2745,136708.52324923157
2746,139121.10566813537
2747,141018.97865541335
2748,124578.09570851752
2749,129630.18378085409
2750,136704.6692428719
2751,133205.50144002202
2752,174589.63919425904
2753,148388.96261173868
2754,220892.52695509203
2755,127834.70839647602
2756,89849.4168929494
2757,62843.77144563662
2758,73186.23118182633
2759,169048.6523687891
2760,128571.58383836666
2761,147272.31195424343
2762,145757.71034329757
2763,175821.82893036975
2764,130555.36171484302
2765,260666.10136635526
2766,114971.38675592029
2767,86773.28362395175
2768,124970.44483789615
2769,137387.5759069416
2770,131442.24502834948
2771,115173.341108711
2772,112009.28257733006
2773,160561.7092348935
2774,139511.50930955997
2775,117809.84702029114
2776,132588.16769346097
2777,139535.96306522386
2778,97998.02786265653
2779,126070.16064811373
2780,92418.71301458962
2781,97349.77049531738
2782,98740.99752271733
2783,97947.57009085518
2784,127448.23539108096
2785,142406.4461741207
2786,70051.77810998495
2787,117743.99789698632
2788,75815.07878910088
2789,168763.26066182597
2790,100935.97625604998
2791,124003.86531823684
2792,48937.97360769824
2793,140289.57323987092
2794,96721.39460802508
2795,121627.34328821502
2796,95653.27158688681
2797,198512.10150659026
2798,109469.95504692264
2799,114723.90533454184
2800,63713.48186201719
2801,103396.74551607764
2802,136997.75437508847
2803,140764.65534407448
2804,127127.77345410298
2805,102738.51735142819
2806,88011.23492694921
2807,150920.05925437686
2808,147268.2371655946
2809,136257.97068694286
2810,134694.34659355012
2811,159895.16909601586
2812,155426.15588795932
2813,151903.75757370688
2814,155753.4042418385
2815,87836.40343463741
2816,231400.8987100327
2817,156664.82497204185
2818,134510.40890343403
2819,169234.6769532562
2820,141537.17334302622
2821,111917.35029504164
2822,182694.63515519566
2823,300241.34792378795
2824,190463.76755797677
2825,152979.70397717968
2826,130366.15943257046
2827,128260.16990566763
2828,218244.15980103894
2829,201581.5780966951
2830,214943.55315576124
2831,177316.3279103873
2832,242367.51535585796
2833,286102.20958996215
2834,206679.2567488347
2835,221172.30512095912
2836,189186.786773327
2837,149426.64803743374
2838,156711.8747560281
2839,178013.17368012137
2840,191604.2799821082
2841,205592.57910490633
2842,225176.16244574345
2843,152923.27667322804
2844,154417.03304973588
2845,121695.76512109097
2846,209701.2755079129
2847,206791.43369057722
2848,195033.46271662455
2849,200487.48824721918
2850,281057.38096094044
2851,210077.52941900314
2852,237939.08103319013
2853,233106.7007456592
2854,141095.6602742501
2855,209150.6778691851
2856,191757.72963344556
2857,182207.0309536053
2858,184378.60552454588
2859,122555.72492914184
2860,125048.87077643094
2861,116741.71026523465
2862,199570.80529083125
2863,119007.52888128914
2864,247333.20469001605
2865,141175.78203602
2866,131338.8226327372
2867,95640.39054058988
2868,91085.22647418207
2869,108865.19196891236
2870,124311.86703950103
2871,87950.31500840494
2872,51986.10183041543
2873,93821.95372832805
2874,134117.8132885489
2875,117509.7918080983
2876,163398.05398702133
2877,139855.1962661579
2878,165734.33494874983
2879,139607.57700128344
2880,97330.87725347777
2881,147250.85180254382
2882,168722.9661676822
2883,186257.92665739628
2884,189471.39487363226
2885,182087.17365868995
2886,237990.16252503602
2887,88206.65943164083
2888,131101.98519300175
2889,52755.57167192251
2890,82121.90326114405
2891,130822.25618668638
2892,41922.3349304514
2893,73376.08665775212
2894,47047.790307986535
2895,324080.51881290757
2896,272519.6747497446
2897,185500.17493511314
2898,133047.46976444076
2899,205713.880313402
2900,153223.86153460658
2901,189230.05460668769
2902,181078.31621424877
2903,330497.57932613185
2904,342904.3555788199
2905,86107.2099712764
2906,208587.12718985
2907,112186.60724898898
2908,134455.03989829984
2909,132146.3163325222
2910,80284.59804249302
2911,76081.27189390149
2912,141056.72356811143
2913,84546.13964653395
2914,74287.03065658576
2915,78248.49017898555
2916,80898.14700485599
2917,148844.02968870572
2918,119507.55439881381
2919,211154.7036225117
