Id,SalePrice
1461,119646.33027005322
1462,156196.98430079018
1463,180227.8368873792
1464,195373.55015892818
1465,197457.56747958972
1466,167134.09994317376
1467,173509.0016828952
1468,156408.28532287487
1469,194337.69062164688
1470,121012.63604671035
1471,184311.831087805
1472,98424.91638832736
1473,95579.85438075798
1474,146193.3394200619
1475,109987.51959595123
1476,371934.81899562175
1477,240452.1903337607
1478,300284.08098240476
1479,302313.97850100236
1480,513956.4856452065
1481,341157.9894795971
1482,209184.26270873615
1483,179088.0544948038
1484,159407.81917850397
1485,186446.79538844843
1486,193158.17970415577
1487,358131.0825347212
1488,235293.04296439068
1489,189013.04293286908
1490,250062.12508081287
1491,190962.8562519797
1492,96061.65128311438
1493,176094.44626281623
1494,293328.24107323895
1495,296517.7296484793
1496,240526.57023310082
1497,181203.53611017612
1498,170546.88870175384
1499,162340.56004655804
1500,159362.688349173
1501,172956.2236696599
1502,147870.69142717414
1503,291155.13458402955
1504,244436.32254093143
1505,229231.15467886365
1506,193586.88690215975
1507,249625.09159965778
1508,199440.84468538713
1509,160955.98523674795
1510,146389.04285466755
1511,154723.33532006762
1512,179221.39485305134
1513,146321.4532022983
1514,148287.9742661247
1515,184752.91723706253
1516,151524.80579428992
1517,164483.02001282966
1518,135226.03417276964
1519,202847.63308491439
1520,129453.01662247757
1521,133470.78061177625
1522,177917.6463749613
1523,112592.43136830343
1524,128267.08214834337
1525,120255.51386037024
1526,109876.126167152
1527,108209.70061515999
1528,134252.39981274834
1529,152548.54029104926
1530,180322.40956306423
1531,111942.28838856124
1532,100780.42705983025
1533,147844.26803882603
1534,124939.24596201234
1535,141333.07491410556
1536,107651.54390454161
1537,52631.57718331555
1538,141274.5502318181
1539,193810.49732502014
1540,96954.0588243328
1541,139932.9110918822
1542,138668.66531462918
1543,171552.72437108212
1544,85355.72169293604
1545,114847.912648384
1546,136734.62178176094
1547,127976.2988835161
1548,137880.60417627895
1549,122389.49809668132
1550,136374.13714956862
1551,110918.48278485052
1552,144642.1295085512
1553,149683.39357120637
1554,118133.0626661584
1555,156962.3543484603
1556,84227.00172305341
1557,112163.21241358404
1558,105584.03899737241
1559,58945.65057855589
1560,137603.28095958484
1561,123939.1624343163
1562,128962.8645767953
1563,121821.9767605147
1564,160064.11524048823
1565,151117.8214896353
1566,230786.98815724577
1567,78992.09561864237
1568,241746.54955631486
1569,125087.92806629465
1570,135841.62428380735
1571,111962.64698872292
1572,140523.95547969142
1573,223622.53008593922
1574,120480.59900177705
1575,238756.05382754322
1576,252546.71342036678
1577,171599.5970154371
1578,157240.8355023883
1579,141859.57095748594
1580,188050.84288227852
1581,155197.91153859207
1582,123013.17180186245
1583,281830.08860488946
1584,217417.71172186665
1585,136064.83562801004
1586,58984.92420053739
1587,106181.96260672057
1588,151813.08800039443
1589,98685.72449264847
1590,128448.8937002959
1591,92390.61029288889
1592,118502.48572426091
1593,131382.36356816284
1594,131616.4699365187
1595,110731.67160559482
1596,214858.6922337331
1597,195937.35793980403
1598,215333.37033454308
1599,166355.78548507008
1600,157857.3127509268
1601,60002.77011696578
1602,118528.61496736646
1603,75996.34531174779
1604,253469.36346179343
1605,233901.61229833507
1606,166095.12523577863
1607,177870.51774986027
1608,209152.71413464064
1609,174759.01700217335
1610,141932.47313521223
1611,133872.1609770371
1612,170870.2194628794
1613,160852.37926348773
1614,132270.21351819145
1615,96198.11775593231
1616,78381.80610754769
1617,92422.87835444543
1618,125563.6133505844
1619,137228.4389173261
1620,140516.08935948616
1621,134044.21296441287
1622,141455.5393494341
1623,262596.25224066345
1624,219007.5669619676
1625,119883.77415289517
1626,166006.36723309028
1627,190417.50309085907
1628,285735.49690312153
1629,171095.8309202214
1630,361925.5196373809
1631,220222.87505636498
1632,240961.1290066186
1633,168979.4800496676
1634,182739.4803434875
1635,171128.07988784357
1636,151659.90702808823
1637,200960.33162880322
1638,173948.12316147095
1639,187924.59918362487
1640,248559.59481133262
1641,177254.05159228566
1642,245840.87408681083
1643,208996.92028578182
1644,234406.0658151568
1645,194593.75955567884
1646,158876.59396014226
1647,158204.17167918806
1648,130591.71633198751
1649,139976.30271576927
1650,111931.99815872242
1651,117335.68664776768
1652,97823.69513709613
1653,100114.64702780347
1654,143322.2137221339
1655,135291.7550551368
1656,140140.00409420175
1657,144614.93218000632
1658,147367.9517256276
1659,113762.93999100376
1660,152802.52991359384
1661,422729.4747094492
1662,419338.64138843113
1663,390048.5596096739
1664,503168.2929870849
1665,309822.63347311143
1666,346518.8759817207
1667,417900.9279653651
1668,367201.8808295834
1669,324587.67566322157
1670,360588.6093608133
1671,266520.4843845075
1672,441063.79438562284
1673,285772.0461182685
1674,232813.9742777131
1675,197995.56401868162
1676,197835.59097197294
1677,214258.87688821508
1678,469427.2193957637
1679,434781.5028390279
1680,335279.5062241899
1681,243996.42720641923
1682,332992.3096297255
1683,186359.76896595708
1684,168270.62023168046
1685,173407.12798836117
1686,166535.1502540043
1687,167010.9993009431
1688,187197.38282070868
1689,192420.73273700022
1690,193411.97480836307
1691,184914.65247301216
1692,264601.341409522
1693,163961.00132235797
1694,179049.55615201138
1695,157444.35631961693
1696,262842.52297823736
1697,161588.00164524742
1698,349482.7739249019
1699,306679.54839517194
1700,260892.10859612885
1701,276573.85660133115
1702,229207.66927503957
1703,231358.294191426
1704,271184.787771227
1705,245861.7441780644
1706,359201.74085262243
1707,215455.07990169726
1708,197827.74925836385
1709,251225.7457148623
1710,212613.94750641205
1711,277166.6185920153
1712,251173.53493736603
1713,284423.3648310924
1714,221233.98646251124
1715,207296.0230032447
1716,176971.4269703828
1717,172360.4749964828
1718,134852.92266423485
1719,205859.0756148927
1720,232834.13659842077
1721,159233.98523076263
1722,123464.75919139112
1723,150624.0268213897
1724,195595.11009677732
1725,238103.197593571
1726,187902.15778095936
1727,151789.84364017664
1728,171282.4490609117
1729,162839.12205657753
1730,154275.25635076244
1731,122055.89758501998
1732,127230.64724398247
1733,116472.84096607592
1734,124893.99156145245
1735,127395.08303295646
1736,106506.67742759454
1737,301706.12528532534
1738,255908.65099870187
1739,241423.0873404845
1740,211776.76499705797
1741,186009.899173738
1742,171979.05824257858
1743,176376.60813836887
1744,331229.9647087011
1745,214615.08923274465
1746,177804.61070028754
1747,210465.18786370772
1748,215176.74899381073
1749,146659.3837499435
1750,124501.341677069
1751,256672.12704588674
1752,116105.5471463454
1753,153539.2635253489
1754,188274.89500157413
1755,168431.73872643363
1756,127866.1367700067
1757,121613.02333329462
1758,143366.54058986332
1759,158842.85471355528
1760,163388.01763689338
1761,144287.86261164543
1762,176953.2014227622
1763,194129.7390848517
1764,113716.58360186809
1765,166386.66151864483
1766,195287.87763871334
1767,213934.98813942383
1768,142844.30575930985
1769,169048.02240561906
1770,151132.7118196353
1771,123089.79248450405
1772,136637.44430258073
1773,121978.43795868405
1774,147396.71981896585
1775,142077.2316087618
1776,131244.74161095973
1777,113240.13539202214
1778,139567.62828465208
1779,123410.84301889264
1780,173784.84368926706
1781,132679.90791741968
1782,82012.88768527906
1783,138929.76029284598
1784,106315.207538001
1785,134423.79069947673
1786,136780.8501885208
1787,167183.47845369283
1788,56161.7968244277
1789,102103.34019873856
1790,81792.10270226485
1791,175985.0269518036
1792,160384.43373667038
1793,127816.53044291717
1794,150045.87991855838
1795,134288.53411609246
1796,128453.51419292823
1797,113740.57472682802
1798,122693.84650139058
1799,112141.2152961558
1800,132701.4478993674
1801,123326.060801166
1802,131240.74811750645
1803,147857.9313585873
1804,139251.725046619
1805,135612.41736179023
1806,121438.7107610941
1807,136470.00425744784
1808,124381.47569346585
1809,125273.65850486066
1810,136340.71586200138
1811,93746.92247423912
1812,102509.67539001085
1813,121028.88954600695
1814,100516.40480571966
1815,49215.170801281325
1816,105686.04877957894
1817,113703.74522581667
1818,156370.78355020247
1819,128167.68758106949
1820,52308.282641957325
1821,122002.22351584688
1822,153835.8784555858
1823,45092.1643551953
1824,133871.64909585624
1825,134881.78017547532
1826,105556.95103299995
1827,100865.98655063016
1828,131273.63242600008
1829,122620.67340426013
1830,143513.82596729812
1831,135655.42979940775
1832,66585.57963474761
1833,142394.76623057638
1834,112828.088704575
1835,109745.78000823814
1836,127136.14320165731
1837,89407.26953432166
1838,123435.12587805903
1839,102524.81023141781
1840,134355.7901493375
1841,130565.40325724907
1842,91000.31476792831
1843,128954.85243381956
1844,143335.74319073482
1845,141419.34677593244
1846,159353.57465037136
1847,169708.0047747358
1848,47479.218087773676
1849,114670.19100264704
1850,115957.63883928813
1851,152198.418954296
1852,124667.92431853812
1853,121217.18289822828
1854,159830.98616198066
1855,146636.3948422816
1856,223694.40417052282
1857,152785.67543755204
1858,139467.30188063445
1859,118051.38137266225
1860,143496.36863392842
1861,117219.63343058714
1862,310571.7281071667
1863,282795.0656430024
1864,282881.8189590926
1865,346856.35198369436
1866,331555.86772733816
1867,213410.45377029222
1868,281361.08535337495
1869,196741.78000541969
1870,212947.19977366348
1871,252723.8729961995
1872,172331.77638534564
1873,238925.51135195818
1874,149389.7675966777
1875,193369.9151429763
1876,195854.65154200376
1877,208653.27298883875
1878,204292.22590229413
1879,126756.52407221314
1880,127179.89293518312
1881,240743.51481443323
1882,236554.251024961
1883,182312.96902978123
1884,200523.86919144818
1885,234475.7004102998
1886,288327.13213633007
1887,215579.67676926777
1888,258192.85286009233
1889,167909.2699127855
1890,114410.42626722192
1891,125446.39436298703
1892,93476.5693147718
1893,130335.80669735481
1894,125229.9180039186
1895,132008.44853082174
1896,127798.0681775728
1897,120035.31282435333
1898,109849.49024244957
1899,166017.61783963986
1900,150977.92703708817
1901,171956.9917722454
1902,159141.004061527
1903,209806.97399944102
1904,139523.10673539547
1905,198175.06535782994
1906,142415.42021700524
1907,206005.87403038537
1908,107958.76228926785
1909,134847.28352390855
1910,122539.20051614296
1911,211671.45111372782
1912,333335.17532235134
1913,141007.49200252315
1914,53824.62104116087
1915,303076.6890193597
1916,65676.75492093455
1917,231784.65862052448
1918,138006.25470070782
1919,177335.21441874458
1920,152227.32194568135
1921,368847.5819209627
1922,307986.35088354646
1923,233856.47561841452
1924,220295.55798023965
1925,189787.69227218043
1926,368434.9790566111
1927,133095.47079377397
1928,156982.4340182903
1929,126021.32577990218
1930,123981.9000105483
1931,138045.17778513927
1932,135309.0906474091
1933,189006.67031385098
1934,176065.2653384325
1935,166331.65399846085
1936,195069.4066523703
1937,177142.14211595204
1938,168342.69380279785
1939,243502.12385887746
1940,192032.13640452808
1941,163715.8432883691
1942,178665.57580562582
1943,212459.19674640064
1944,394824.81855398376
1945,425470.9315173128
1946,124955.93238186273
1947,255710.7164917799
1948,175740.87137594362
1949,258262.69542138232
1950,185642.75731812615
1951,247233.1821163471
1952,209728.10681882323
1953,168906.33762546518
1954,175523.84286522405
1955,136230.22573622366
1956,308986.6791057742
1957,152251.33056161337
1958,286092.38834049815
1959,146538.16042587024
1960,113656.31160735518
1961,116454.85501149652
1962,97812.68663378248
1963,106993.15276409828
1964,105753.97054211903
1965,139446.99851142926
1966,134959.53958880116
1967,298039.134318248
1968,455369.8973412024
1969,404231.49803322944
1970,430836.4862120432
1971,467903.3948962786
1972,388133.85210633976
1973,265752.5188775198
1974,358601.0401701263
1975,526531.7220021704
1976,274417.7941070783
1977,367387.1395564687
1978,367782.54665081674
1979,316538.4567539707
1980,198218.14812089788
1981,339620.2017668436
1982,208759.62894662237
1983,194495.65951454188
1984,169400.4854137975
1985,222873.29315950384
1986,199127.9378260069
1987,179739.95826154458
1988,169987.08086263904
1989,190279.40955028837
1990,203397.22881581617
1991,227866.67604027494
1992,211400.2220201771
1993,163362.48672515585
1994,225694.08239264134
1995,176463.9398980897
1996,242359.78692961423
1997,328558.72260398837
1998,318500.1085054879
1999,287370.795861556
2000,326509.3293245515
2001,286849.3692485142
2002,233165.0316758643
2003,244756.7293729621
2004,282482.9402405719
2005,225127.47019500734
2006,217348.88914119863
2007,247198.33715685428
2008,208059.8976335324
2009,193505.29957245136
2010,188354.24185974777
2011,136690.89901195682
2012,167848.25845630563
2013,177994.44339672427
2014,185634.9075664281
2015,208074.33808953178
2016,187347.27864824238
2017,190283.89743472557
2018,116694.17065979235
2019,128040.78065077824
2020,101159.39340474433
2021,99246.88957143787
2022,177356.81892830602
2023,140089.03964385315
2024,281729.1705982262
2025,354778.8326461988
2026,171119.78849920942
2027,157781.26016946853
2028,148178.8705417228
2029,161552.60844653554
2030,266783.5392308356
2031,232829.72622834935
2032,264389.8127917842
2033,256960.23618698958
2034,177107.5942974315
2035,213893.4392942433
2036,197806.0990067713
2037,209953.9241788907
2038,333614.9986065862
2039,223838.30945675916
2040,264225.4973384003
2041,311343.1894573407
2042,205880.65881839028
2043,179198.43041817978
2044,179807.45414864077
2045,207813.90314276682
2046,152729.16208540284
2047,143403.03301610364
2048,138155.73053509044
2049,146499.6542500775
2050,173990.91012985806
2051,104519.1937689526
2052,122244.50578505232
2053,145927.44977298417
2054,88307.21023895811
2055,160389.44055882542
2056,141163.75917101695
2057,114207.53019830458
2058,212962.43510973043
2059,130011.16226927603
2060,169977.8877488355
2061,172193.75176291063
2062,128277.5199403751
2063,119628.62316075568
2064,139308.61729191904
2065,120890.74696282619
2066,162236.56589930013
2067,117343.95315305554
2068,150314.3499494127
2069,82531.70638480928
2070,119392.85671535533
2071,95741.077622575
2072,133120.2626242198
2073,130620.62932528227
2074,177756.87696572617
2075,147876.32312983056
2076,117553.67436279375
2077,154913.88606757863
2078,122601.55200118342
2079,137159.33602035508
2080,115613.66715665095
2081,127909.87243180949
2082,115546.09422033482
2083,148983.95471681867
2084,107968.68174622154
2085,112108.61541292774
2086,91601.87624308676
2087,116202.57116728093
2088,95262.281087639
2089,79965.33988654804
2090,118856.40346632233
2091,103415.23853244902
2092,117006.04288271403
2093,116111.84245901326
2094,112044.29320344361
2095,143476.82963435605
2096,82195.95320258851
2097,102607.06363326733
2098,149942.6059911085
2099,47146.054768420065
2100,61017.34396391702
2101,110382.26870133741
2102,126106.13924594315
2103,105050.92227155156
2104,141684.1805731134
2105,132964.05465167217
2106,56070.64320376546
2107,182665.297522445
2108,113973.38086321537
2109,104119.32753948866
2110,125668.39620857299
2111,129293.6183798903
2112,135363.93537013725
2113,116307.15146919292
2114,121471.2137339203
2115,162291.59652964785
2116,115865.15607114536
2117,141794.2381165839
2118,126175.04346382509
2119,113224.93458970336
2120,107180.1605772065
2121,87924.03687410423
2122,120884.1268757223
2123,76420.36729323865
2124,152527.17829074702
2125,125830.33781974684
2126,151074.55996824047
2127,164412.00749923402
2128,131715.76879869588
2129,92559.95457044238
2130,130224.39183512235
2131,131294.31752534953
2132,111294.41824550946
2133,127883.74187978155
2134,124388.71554459125
2135,94616.35237424665
2136,76121.84351014365
2137,104560.8937426987
2138,132752.29380468818
2139,146601.4216359218
2140,136949.56769827084
2141,164612.64520229158
2142,127104.24539786439
2143,145293.01431245892
2144,133822.26754750666
2145,137418.28063311102
2146,171120.54842075278
2147,140306.51370611545
2148,133784.69702523632
2149,154062.15955587252
2150,224054.6836951143
2151,116172.02744461289
2152,175298.7727680231
2153,160758.91663807802
2154,100500.0048133441
2155,137396.44521437827
2156,255003.6391569335
2157,227126.81259724867
2158,241979.47974362117
2159,213050.47905263267
2160,178856.2628717241
2161,223562.63127354294
2162,362189.86249412125
2163,331406.2752787199
2164,250234.19557733028
2165,196364.2086204452
2166,156233.65950867126
2167,217748.68962215324
2168,185114.77700607848
2169,193468.11056861226
2170,209658.98265579267
2171,155895.5207629791
2172,130855.33217310952
2173,161194.0652983378
2174,215693.37349102052
2175,285207.8320714073
2176,317912.45578888984
2177,229947.14273404764
2178,205620.25875143675
2179,134100.83700929309
2180,200928.19002976723
2181,188840.46933012927
2182,215814.53162330546
2183,184714.62723097406
2184,115091.75706515735
2185,124352.92643815491
2186,139835.31744672172
2187,146024.1487183255
2188,145582.7426955077
2189,294662.1834800081
2190,76437.83837583207
2191,76717.45844990162
2192,83295.60518932944
2193,111279.90386742771
2194,97383.93862445353
2195,101603.12534783901
2196,98619.76438362645
2197,117990.50181446104
2198,161954.9921226024
2199,179633.46071685562
2200,146149.49049568953
2201,150076.9760363387
2202,213107.14683670722
2203,138845.96378175385
2204,175620.9609526467
2205,120847.40433703935
2206,140433.46963327573
2207,205520.2669470099
2208,260484.23285741426
2209,248823.13343589086
2210,120513.6909458701
2211,113311.91966220763
2212,119823.58490368085
2213,107369.60510769047
2214,136360.7637665209
2215,96849.86234234515
2216,144334.8235810839
2217,54218.191781620815
2218,69227.74905518041
2219,61494.9028023798
2220,61735.75622227027
2221,302504.63022884645
2222,282168.8020939791
2223,285033.23098704295
2224,201591.79029405295
2225,123812.16621033738
2226,174923.75684135343
2227,192219.95356045594
2228,260218.2496220027
2229,245440.9845941485
2230,141917.6354932972
2231,202525.59362180808
2232,169471.65105973152
2233,182269.3883756947
2234,240921.74784690654
2235,226358.73986128878
2236,248099.45950874712
2237,307393.4277900396
2238,187872.34513381912
2239,102846.36884158205
2240,152334.9938854004
2241,159039.236026627
2242,123536.35385168603
2243,129003.34481645866
2244,103189.27327347266
2245,103583.83330479755
2246,142086.43654296338
2247,114141.18496045384
2248,119245.41746264987
2249,112632.61749162813
2250,122683.71455406447
2251,103039.78671374841
2252,177467.46125956677
2253,146759.3487044769
2254,170861.38591048133
2255,176009.10903803268
2256,168780.92044583254
2257,202717.64937529553
2258,152466.89903618474
2259,167481.46493032118
2260,156722.58510535047
2261,188697.55389720848
2262,207621.99765567185
2263,404907.7301251695
2264,497734.8841570113
2265,167974.9860055808
2266,309857.5234845764
2267,385910.00637790404
2268,437142.38723400165
2269,145287.08039688534
2270,195688.09412438585
2271,208399.08296710483
2272,190203.61936504568
2273,160176.87044574556
2274,179432.43326200236
2275,148868.93045739448
2276,190601.64338773477
2277,176100.32908161584
2278,141355.1690156694
2279,125890.66727021964
2280,114458.57947745339
2281,161952.7158378556
2282,179598.65104688238
2283,108596.797959872
2284,118279.66464225354
2285,136225.63236824702
2286,121216.8864802294
2287,392175.9208334567
2288,271161.3946536548
2289,381893.2126361232
2290,467374.8020824275
2291,352883.0067508363
2292,466241.0908407693
2293,497092.3415316062
2294,419906.49788364425
2295,496247.11181520886
2296,274817.12656062556
2297,372767.2934086943
2298,356741.25723039825
2299,361104.1827418688
2300,349535.1293863672
2301,333494.2308953946
2302,252261.33899424056
2303,244640.43611133096
2304,244483.4306593378
2305,200199.86985742164
2306,192800.81442192424
2307,198902.37810843348
2308,227164.53788675048
2309,281732.00768487295
2310,202877.69633751243
2311,198508.13504100396
2312,163184.15954060387
2313,165282.3659238416
2314,164467.87500958136
2315,176943.30994780397
2316,192677.35635575597
2317,184996.98082101168
2318,177612.7818218023
2319,178017.38396543422
2320,178843.73657477685
2321,228454.35468235143
2322,178713.29531947788
2323,191696.3862161846
2324,175936.5487503898
2325,213608.91055363294
2326,171000.41882986724
2327,195579.99344476222
2328,219852.5403823582
2329,185908.87696935138
2330,175530.26835228928
2331,345537.764918081
2332,415282.48965124844
2333,328432.0856838709
2334,259006.69702806263
2335,296635.2932563463
2336,309702.9910359898
2337,192439.42305545244
2338,252781.02832327085
2339,216322.1291728551
2340,400414.03534607333
2341,208106.15456546316
2342,234654.18583551716
2343,229590.77091915414
2344,215459.990453341
2345,224003.49114630028
2346,208457.87555528275
2347,195076.49301226044
2348,243185.79004792523
2349,175144.71281494587
2350,327655.05255196727
2351,252536.18408331048
2352,250825.4110300459
2353,236297.9392891426
2354,134667.47629751882
2355,141955.61336334224
2356,147479.3601885303
2357,180373.06209334673
2358,198577.79547468378
2359,128720.52006495289
2360,110877.64755345369
2361,145597.54305855377
2362,251170.87641929748
2363,140582.13008705204
2364,152243.82002766532
2365,209551.56549635887
2366,184422.148387197
2367,216056.74105298793
2368,216245.6914411138
2369,214000.5030459564
2370,161184.45443568603
2371,166680.1235241996
2372,189136.65014008575
2373,280966.44735460536
2374,323546.3046058001
2375,237909.88938714954
2376,287243.99488092173
2377,339156.2573131842
2378,146720.4624222295
2379,196278.90970514892
2380,152153.08986655468
2381,174965.27294917678
2382,199176.84648303714
2383,201169.33620862398
2384,241767.97496088644
2385,159748.02849910295
2386,133248.03561914188
2387,131357.9270639748
2388,104317.6653608927
2389,116029.50827976086
2390,146744.0633307529
2391,147853.41856283395
2392,111469.0886127954
2393,168782.45979084593
2394,143439.19596275897
2395,203874.45268104455
2396,138323.42656137788
2397,221622.63162834302
2398,130507.61850178646
2399,64657.90424737243
2400,59705.74563539467
2401,114900.39504896426
2402,139638.206687508
2403,144995.08478030344
2404,156195.14869684703
2405,156513.8159532134
2406,138749.824393093
2407,129365.3024259426
2408,150399.80173769617
2409,120685.10587070142
2410,160498.70218212178
2411,111229.34678804681
2412,157634.919022964
2413,130135.52140264561
2414,154777.77849572568
2415,135359.8263315752
2416,127085.71838928152
2417,131543.72594844975
2418,128140.06924350772
2419,127029.53275504046
2420,120373.42771001397
2421,145718.55398346146
2422,101639.61611787476
2423,121562.76284561139
2424,152369.76549294378
2425,178560.96806547497
2426,130900.50767354702
2427,137114.85217468967
2428,168553.24608663187
2429,108698.00610807154
2430,129933.29257436827
2431,107834.42571256062
2432,144145.68881272504
2433,144515.07140013546
2434,137050.1463300384
2435,149608.2939195346
2436,101510.22200514362
2437,97398.69715534295
2438,119878.68005751629
2439,99594.49188868351
2440,124120.81822683809
2441,96005.9229581999
2442,94585.31697255396
2443,128703.16671562169
2444,132377.22216817233
2445,93807.47977115768
2446,142441.54098213956
2447,174776.52809063945
2448,123522.50032782476
2449,115504.63889530743
2450,157731.211902903
2451,117283.23696596405
2452,191799.6850955427
2453,89707.86499776952
2454,116062.41780800192
2455,112204.19360831087
2456,136531.45210103996
2457,131517.43430659224
2458,135007.6390056096
2459,109745.35139423139
2460,140741.66582666314
2461,124562.81523632503
2462,129071.34893593269
2463,127613.42541214576
2464,169211.2642783122
2465,144513.59233879627
2466,124199.20401134454
2467,121916.5773158637
2468,86692.85574781065
2469,85622.21897566336
2470,183204.51382635103
2471,201720.01999407218
2472,164242.7244153967
2473,111622.05843812732
2474,67315.34599602087
2475,198999.32805415528
2476,114381.1900765986
2477,127550.05961550046
2478,152486.06486410377
2479,100956.26286384801
2480,147219.3316349426
2481,119298.16126084201
2482,120376.28546799652
2483,107893.52595210678
2484,118033.78471270784
2485,120797.5908561675
2486,138147.07994474182
2487,162208.7199626034
2488,156384.88799187477
2489,154638.78534543084
2490,131880.81381466694
2491,94338.05129206523
2492,190812.385736779
2493,148542.03638476745
2494,145610.72903617495
2495,83451.69950931879
2496,228691.29276854606
2497,153934.5435758437
2498,107203.6775011342
2499,78235.98391634028
2500,111640.10385736494
2501,138818.1768082118
2502,137194.80498758226
2503,97257.89564962687
2504,156054.87396472928
2505,226458.28343223818
2506,238689.93344500838
2507,271639.0676614838
2508,238325.22690474795
2509,211604.62507158172
2510,206876.65422015055
2511,167278.7233712737
2512,202079.8409109549
2513,228252.47910746976
2514,246717.8874315202
2515,142505.33183221932
2516,171654.84918523196
2517,143966.79054216493
2518,151234.24598372856
2519,237901.22834105243
2520,213669.237296825
2521,180864.2025569372
2522,221614.09716747366
2523,115246.29942015241
2524,137689.35134454235
2525,144501.44642268957
2526,137652.33689468284
2527,115102.51012866004
2528,127058.45102400503
2529,137334.52012783993
2530,118939.06729852736
2531,253713.61848557045
2532,217141.42091023753
2533,188028.36534998965
2534,227764.39694143416
2535,290431.0391957364
2536,223247.37096872128
2537,242843.72320202034
2538,174765.67268918094
2539,182304.9280951152
2540,176930.18010849133
2541,170244.95352222206
2542,160688.2437031697
2543,117945.4543806918
2544,116228.2880709112
2545,139077.22385927883
2546,120764.36709001209
2547,129449.59922217354
2548,152829.957505368
2549,143983.74537527334
2550,619923.0119995942
2551,131008.14279647858
2552,124334.81048969725
2553,72157.5804293444
2554,91442.2684754583
2555,105594.93705944122
2556,94638.48900132951
2557,103314.59706982176
2558,145666.77792290167
2559,150787.03066335164
2560,144446.6333190348
2561,140145.6125391696
2562,144034.6082827053
2563,142379.2324162376
2564,198271.87456735742
2565,140573.6104047884
2566,153484.42451353406
2567,146521.51576460662
2568,196107.60941733042
2569,230823.7526513156
2570,115792.8234462556
2571,183907.73468776088
2572,138163.4891779675
2573,214657.15337397953
2574,280975.0341783839
2575,129985.86625564694
2576,117969.83846980975
2577,128332.51344493966
2578,80519.87457724371
2579,54660.54823620045
2580,83309.66668616682
2581,91027.84990680595
2582,101623.94830053743
2583,265794.4884593938
2584,174028.38082094298
2585,187098.28434452903
2586,224718.75434867898
2587,191269.82460381626
2588,132299.43054226466
2589,148191.07978289973
2590,195456.48104820558
2591,222444.87045865328
2592,208745.053347013
2593,249130.3743498394
2594,174109.61509581635
2595,200522.71012881433
2596,278858.5828467887
2597,186638.969352897
2598,281112.38807516784
2599,329896.49303359934
2600,149990.03611468617
2601,137298.09565365643
2602,82479.2151328565
2603,95989.8668917895
2604,89976.11555039103
2605,78854.1558398495
2606,148162.81313534523
2607,202232.87405218594
2608,187352.13283804685
2609,171642.74024272957
2610,110059.84318881879
2611,118822.01501632524
2612,159851.77765888302
2613,123909.63177843431
2614,116783.53975242077
2615,152898.7797120842
2616,143664.2652731093
2617,180489.62461333734
2618,207425.04154572662
2619,193188.95856604673
2620,180014.5709911936
2621,164819.79314672394
2622,170601.33054579873
2623,228306.3034957287
2624,306350.4750797594
2625,292313.3506350719
2626,167085.97517675298
2627,157554.35151224546
2628,506622.1034133388
2629,519417.5180434113
2630,399703.7232098832
2631,490479.2097870987
2632,434434.662332447
2633,305034.3112336553
2634,455381.2815435861
2635,157130.49165026698
2636,164317.19065239493
2637,179997.64290433849
2638,253758.4066232844
2639,177613.49200625284
2640,147343.0248597221
2641,98732.73824306426
2642,181922.01069237542
2643,103212.52155344847
2644,115985.4725753264
2645,109539.6761677274
2646,93501.25036197105
2647,104368.30775131531
2648,138246.80287271613
2649,147111.62657571177
2650,125007.95556234373
2651,137404.0505492709
2652,411426.4139980414
2653,246008.9938160495
2654,258701.41409719034
2655,426948.60233533615
2656,328233.460528531
2657,367079.4949318688
2658,320794.5228390261
2659,313831.7708358709
2660,389679.168492532
2661,362105.00686242944
2662,380372.19975264434
2663,285944.1677204677
2664,270716.271314931
2665,334128.27414204535
2666,272719.3730445761
2667,163881.3685133383
2668,168830.5912335082
2669,181271.3148229959
2670,267037.021290152
2671,180768.90533793706
2672,188639.38800037705
2673,193708.81245131115
2674,186454.83827476006
2675,167803.62175422185
2676,188057.07386232485
2677,190051.31124027475
2678,235822.32914024
2679,273302.5009545259
2680,284923.18773249775
2681,421857.09781880496
2682,315223.94088952226
2683,523093.14225950086
2684,323442.2940419219
2685,326070.30520431563
2686,230287.96784441342
2687,305128.73106310173
2688,208412.2939719365
2689,202182.29670975392
2690,418441.06864399015
2691,185284.4533856247
2692,137131.35195797996
2693,196650.63312568358
2694,134354.47175550935
2695,184248.84579419752
2696,175586.45990219995
2697,177509.50500014785
2698,191417.84708385894
2699,167808.5016009527
2700,151133.77438855285
2701,148099.00735397788
2702,110241.61443510068
2703,128514.43154127616
2704,133790.01716565312
2705,111372.75165481519
2706,107850.38865419825
2707,123238.20526169047
2708,130929.05438939446
2709,101449.80483878778
2710,126259.34351904737
2711,243281.5475306278
2712,388894.0146903786
2713,163811.66061025677
2714,147999.9625859442
2715,166260.2204736731
2716,143132.6847419692
2717,186842.1901609925
2718,209938.14185103273
2719,151305.8119261943
2720,165743.4801074456
2721,125106.45961445748
2722,157578.10887241262
2723,133325.17706085945
2724,122579.71144722766
2725,126505.03161587306
2726,144177.87782069296
2727,157756.37102157125
2728,186187.9939658383
2729,145279.56923918365
2730,144736.43814744384
2731,135921.13712379965
2732,136363.30154688205
2733,150577.13664036477
2734,137326.985014255
2735,136093.26443093392
2736,132495.50835077098
2737,115938.48702114502
2738,137442.3677524397
2739,152388.41155436885
2740,133443.95831178114
2741,145962.54551898822
2742,152271.57793770792
2743,158655.53907882152
2744,157211.02175339707
2745,134804.06310533505
2746,135369.0183641927
2747,145695.46677220025
2748,124461.01019917443
2749,126816.64441529331
2750,125486.92444276923
2751,132953.54284526833
2752,191254.66480443446
2753,138096.7745170823
2754,200040.5067251795
2755,142886.22470043195
2756,91377.44595371382
2757,68297.37013264697
2758,87989.25001789993
2759,162626.0398706377
2760,125444.8782615534
2761,137762.72473352353
2762,141925.4712203064
2763,172976.49411326024
2764,149267.20020003535
2765,268066.9504568667
2766,128522.55048946595
2767,83619.14341307498
2768,127092.42538816943
2769,131102.40365310133
2770,131182.34572836006
2771,100920.97232286105
2772,106499.67170349948
2773,168940.60265302588
2774,138353.39011410685
2775,109791.39820115961
2776,143405.492291657
2777,146727.86367965103
2778,99370.56191050293
2779,130061.05082128209
2780,95093.64228699285
2781,96130.55305420859
2782,96162.97989203373
2783,97003.88702517294
2784,117080.14399412175
2785,143714.86537299768
2786,61925.99753878757
2787,126145.26569043883
2788,75127.66043724526
2789,156970.9775656727
2790,93755.06173353706
2791,107908.96716363198
2792,52864.86861406912
2793,140017.32782657465
2794,100316.85610722112
2795,115281.3956180012
2796,97030.99876911136
2797,186372.88747579875
2798,105622.98558277078
2799,111952.19800283649
2800,68068.42476251254
2801,111483.75993760576
2802,124630.58199028761
2803,165254.29744943837
2804,130083.92888257255
2805,97588.24945143615
2806,84174.29362130907
2807,151050.21107875867
2808,144748.5142708772
2809,128966.89949247484
2810,122158.36069398354
2811,159227.70219697044
2812,163412.10977900782
2813,158047.01442880442
2814,155895.32005641525
2815,95169.13866480377
2816,217711.70144703417
2817,149785.67505100713
2818,128646.70252338033
2819,170026.13177404765
2820,138171.7078147096
2821,99853.27381892689
2822,190557.8833466284
2823,302260.1575044759
2824,170841.93371386747
2825,139093.09186194267
2826,125785.1602523969
2827,133144.1255368304
2828,212125.23991660468
2829,200783.4191832307
2830,216795.8684093182
2831,167196.92599773986
2832,233836.30547715686
2833,317655.532575821
2834,216156.8743981233
2835,221046.57262719082
2836,182074.57566595223
2837,153076.4672463884
2838,145629.2621181718
2839,166229.0369682869
2840,196035.50285853224
2841,199140.02608180224
2842,231629.8822043573
2843,148582.04917111862
2844,166562.96110816798
2845,125562.54568263446
2846,202902.44389083964
2847,204052.3766832721
2848,206057.40365993342
2849,189316.76442659038
2850,272813.8786024002
2851,204448.74920872564
2852,228463.4467237897
2853,232660.6057358305
2854,134828.9551929517
2855,193488.85951568882
2856,193045.59554873436
2857,181365.5982708144
2858,201539.09241616444
2859,104656.528675168
2860,125489.42915631185
2861,122778.68967197917
2862,173041.57902948704
2863,119404.47963244752
2864,231177.06564684736
2865,132584.63355236693
2866,135703.53710922974
2867,101917.55711466362
2868,93908.55869424778
2869,90330.98901735037
2870,117435.03886676725
2871,76122.08271557366
2872,46432.95679014704
2873,92856.30812168865
2874,140261.32023819807
2875,110641.84867583733
2876,153828.38093003348
2877,153353.51108163447
2878,153759.73653883438
2879,136058.25447904805
2880,105742.13640872746
2881,144005.39739850906
2882,180438.33511893373
2883,194673.80202243713
2884,191366.21812127196
2885,185586.4629432929
2886,222265.40965469694
2887,98766.50825181036
2888,148776.2240026472
2889,55075.14450711337
2890,80164.60424827099
2891,135067.893298026
2892,43656.583174666164
2893,64826.381436606986
2894,50797.33349014728
2895,342320.7838671515
2896,272352.1964820639
2897,214792.35484131397
2898,148979.28231831873
2899,202942.606341611
2900,152389.21926594718
2901,215581.01338230586
2902,181329.91240936148
2903,319403.4596323429
2904,341904.0842231068
2905,75270.63603030713
2906,179290.2962371022
2907,111107.72487156552
2908,124582.31371817803
2909,153599.34918999256
2910,74368.11940110647
2911,78481.49076639868
2912,143329.55300508853
2913,80021.8100183101
2914,77299.41352817639
2915,84801.97737040701
2916,80647.19826110134
2917,166253.7656252247
2918,111915.22538429376
2919,212965.43138169686
