Id,SalePrice
1461,122092.58923381005
1462,158952.68924891407
1463,194527.13461057248
1464,195823.20881124274
1465,183284.18891591107
1466,173945.31322451495
1467,178156.7691089962
1468,166594.14652881777
1469,186081.02050521856
1470,126101.68395323092
1471,194452.77719175105
1472,93403.09499597139
1473,97627.08589752472
1474,148907.23638431134
1475,109730.81452334627
1476,360076.6447675913
1477,242414.68601657602
1478,282505.8621451309
1479,282686.480274452
1480,500670.1122607227
1481,331271.2973718544
1482,201100.3341588555
1483,177254.1039955161
1484,163967.17757696105
1485,183346.6268571334
1486,196894.30039319413
1487,342234.51119880134
1488,234827.04270575938
1489,207484.5950594841
1490,237422.01481772872
1491,191206.54983365047
1492,93880.9534949361
1493,181011.52933751518
1494,286658.6902296363
1495,282475.72408069676
1496,246504.55409711294
1497,182090.86306019695
1498,165303.95840422346
1499,164967.88906068783
1500,163883.84893696776
1501,186866.58055259511
1502,147916.62431692728
1503,300535.39290850534
1504,240311.86109652312
1505,223114.18480357487
1506,188801.55641672903
1507,252233.9474274041
1508,199678.25683307162
1509,162161.5101463155
1510,147590.95787342772
1511,148198.58266024935
1512,170093.6082440158
1513,148202.5262462752
1514,143568.90576697377
1515,192701.32366350407
1516,144292.32684428422
1517,163477.39743998865
1518,131163.54828644972
1519,233490.08818420034
1520,136138.78453372425
1521,139554.6582779463
1522,160641.1425938662
1523,111856.03042873232
1524,119339.71985263078
1525,124199.03150180212
1526,115628.77078064729
1527,107325.5110304606
1528,130738.31867572396
1529,152075.8431571578
1530,168423.30822206166
1531,113399.7054513246
1532,94925.7446415376
1533,149700.65444699366
1534,115084.07224097138
1535,147254.0056320459
1536,109635.32221860698
1537,73594.059497186
1538,136610.37370341
1539,189189.58251806285
1540,91374.63958651693
1541,144425.75064227553
1542,138166.43078648442
1543,202196.7779080113
1544,76421.91417872677
1545,108916.28761498004
1546,130693.15604336465
1547,138626.03312185695
1548,140993.5951332785
1549,113881.43679260336
1550,138865.94029390742
1551,115285.02986726185
1552,148211.4486624873
1553,138923.84500779494
1554,115908.42693637623
1555,166638.4420177935
1556,78852.25038330352
1557,100482.6131331233
1558,94456.82632083385
1559,69776.36425313306
1560,141077.55111334444
1561,130275.59840685612
1562,126814.59340443905
1563,126139.81149423019
1564,159595.2027237667
1565,153954.4331505866
1566,230707.4095382234
1567,71254.77000192135
1568,223969.31620064
1569,135167.26643756515
1570,138184.2757340225
1571,111655.4960611924
1572,144842.29623937432
1573,241764.72370442742
1574,115672.8038689976
1575,221417.58289973743
1576,253888.4263300555
1577,198640.70622449828
1578,146704.05407926827
1579,144634.6520778732
1580,191990.32471442674
1581,149339.8026891272
1582,127606.63314357346
1583,318017.90524216724
1584,226415.59799927362
1585,139159.95838376431
1586,71368.55974437032
1587,97214.89378434698
1588,150563.03401748056
1589,97680.28569981546
1590,127479.7510426083
1591,90252.30310707694
1592,113896.77718663121
1593,124345.6660673925
1594,130820.77721082736
1595,106986.74462896957
1596,240029.40569420237
1597,177684.4046797828
1598,201601.40478144013
1599,172680.54620684037
1600,161815.1968442658
1601,67582.87323574886
1602,116954.22707267223
1603,71381.92764212844
1604,259331.76883546304
1605,221295.5642194361
1606,158370.6386949252
1607,150944.37617600482
1608,208126.46995902937
1609,188448.37225734736
1610,164107.64499515272
1611,138260.91473368235
1612,171616.2476644915
1613,166308.87339612172
1614,123729.95120011925
1615,83211.56669481074
1616,71380.7604454124
1617,87703.43772396479
1618,118100.4568334811
1619,134906.75511976943
1620,164362.26310272643
1621,139838.309754811
1622,135616.97063815844
1623,255722.96786223946
1624,212593.424259098
1625,118906.43250535338
1626,159952.5161988709
1627,189703.2864064855
1628,282837.7145309
1629,182747.33505439103
1630,361231.6981333057
1631,204583.31395387303
1632,228366.29650767706
1633,178172.66954311272
1634,186969.49291872466
1635,181401.18990560735
1636,156845.18929922988
1637,201617.68720528384
1638,190839.33619727477
1639,177206.1527114708
1640,268127.8384738415
1641,173187.5300182561
1642,235042.5412175256
1643,218153.62704384763
1644,232281.9683712636
1645,202164.4067090781
1646,158802.39896382188
1647,153028.5643136831
1648,133275.74504414081
1649,136922.59646819538
1650,118432.9614857985
1651,119859.6880323327
1652,94868.89239715178
1653,98501.74975262502
1654,148814.95117964392
1655,139906.16131096345
1656,142729.46567014183
1657,149647.0630386433
1658,145421.0840831271
1659,121468.2946969647
1660,159490.58357093384
1661,442909.1279353626
1662,384030.636631383
1663,399410.44050694915
1664,429540.11161781894
1665,305967.0964451311
1666,334195.73039590166
1667,367341.8274855862
1668,349901.3485110981
1669,289380.7700555045
1670,362195.17892155604
1671,261524.50407670348
1672,426802.4670506886
1673,288794.06766970694
1674,243020.7520112985
1675,193712.58086374827
1676,196002.84798998738
1677,220080.345757938
1678,507483.75235887483
1679,396747.3130466503
1680,335719.53217288794
1681,262388.30343647406
1682,322123.80875641323
1683,182863.27487370788
1684,170056.27119460749
1685,166654.33708817943
1686,167149.37494126125
1687,164281.20330626154
1688,192080.32825069546
1689,194148.75678890594
1690,192687.74774592038
1691,185839.98999996614
1692,263468.3022195284
1693,173523.92879923672
1694,184073.94593049499
1695,165211.39030795923
1696,279599.317586487
1697,172985.3459814616
1698,351927.658003738
1699,328263.70152753213
1700,251462.24224443582
1701,262971.8055221711
1702,257947.40837613642
1703,255918.35158778625
1704,280668.7060863221
1705,228374.26583268418
1706,412318.5080797023
1707,216339.2199546035
1708,220364.15000503862
1709,278319.5157321587
1710,220360.1413838802
1711,264222.60914747644
1712,254260.1792475785
1713,294209.77119574905
1714,226573.2595131927
1715,209867.96189223285
1716,180309.6044436898
1717,171105.66040319783
1718,130667.17298582433
1719,199334.1849976443
1720,236527.3014745837
1721,155407.30085480993
1722,124466.46719542175
1723,158103.9848941022
1724,215365.6705429223
1725,239550.3377439502
1726,187354.33642330996
1727,167974.020638006
1728,160700.63184845098
1729,177463.03628438318
1730,159643.34226709718
1731,123356.03585998299
1732,133514.69746808635
1733,120869.5562690509
1734,124857.9644127951
1735,119969.51887832173
1736,118317.27715136364
1737,300905.7200795909
1738,224060.35298627298
1739,265386.2321146755
1740,222884.83599507716
1741,198595.7364053388
1742,173341.24426126547
1743,173371.44108044743
1744,316801.40774154663
1745,211382.8872853915
1746,165667.74833476086
1747,223529.09473878093
1748,214549.316324099
1749,150336.9887450578
1750,127324.65964302463
1751,227977.40185086604
1752,120644.241533184
1753,146337.55446857415
1754,189856.05806653
1755,165100.49048881303
1756,129513.48173724524
1757,125525.93991739214
1758,147632.69305433787
1759,160728.61500507555
1760,170149.309439093
1761,142365.50415053402
1762,181316.39340350436
1763,169297.05226726778
1764,121165.52976661622
1765,128314.61831338689
1766,179628.1867153405
1767,214515.85705951788
1768,146135.10138338976
1769,163859.83480017478
1770,145717.78230868425
1771,129576.5543692891
1772,129432.01780036333
1773,138939.149696602
1774,132149.27599550696
1775,138563.78907865225
1776,124346.50634944433
1777,117209.97225476653
1778,141113.28900189942
1779,119793.4271261226
1780,170706.79599184226
1781,130670.08841635208
1782,92201.38475057413
1783,143735.32608496601
1784,107983.87959536741
1785,124211.07197822527
1786,142398.70802349082
1787,156389.07817295365
1788,55974.29972081685
1789,100295.75995005322
1790,84107.6074214767
1791,183171.189168915
1792,154896.7849081001
1793,129473.9118625914
1794,148304.95726624192
1795,132160.4722009294
1796,124338.98332527227
1797,117322.08094450609
1798,126745.55478387383
1799,114939.66125758938
1800,136952.80567282133
1801,128960.09352061791
1802,122886.42217202486
1803,147679.3477439684
1804,145381.16544963655
1805,134477.33227396177
1806,117646.5045813212
1807,119292.94452752573
1808,117185.208423578
1809,120973.32267430154
1810,147703.8378557897
1811,93424.85035196593
1812,93756.39684805008
1813,130259.9466001208
1814,100493.13200664181
1815,53291.87992846576
1816,98174.77322406121
1817,112732.49377644701
1818,148744.08197244196
1819,127075.02819538639
1820,50288.368449544316
1821,107671.66556427482
1822,148790.04943482965
1823,44445.15337599173
1824,127091.60064937758
1825,142271.6559879259
1826,107280.82346991482
1827,104590.58541181684
1828,134649.1415271768
1829,118174.10627310893
1830,146348.73713016525
1831,144578.31477835856
1832,77206.66034742499
1833,141121.2462505524
1834,125173.84252552863
1835,118132.6985942429
1836,121772.1072873227
1837,85942.78515769528
1838,131623.80278140208
1839,95949.90281404213
1840,173642.4506005565
1841,138178.04568656784
1842,85836.2000992269
1843,137881.33770200747
1844,142925.03181420363
1845,135721.7282321413
1846,149481.27134103
1847,159338.66038682454
1848,55293.78348940093
1849,104844.45437867132
1850,117856.78529384827
1851,150432.35246564003
1852,125979.46856990634
1853,135978.99774682926
1854,167020.91620559245
1855,148357.89332323582
1856,212337.18699301436
1857,143540.89742305235
1858,139701.22248517023
1859,116577.09000722453
1860,155534.50261418353
1861,115061.21894193308
1862,299589.31177286815
1863,287398.7666211215
1864,287396.66732248996
1865,353063.79173964204
1866,348154.21022971085
1867,239102.06144705895
1868,292542.1734195699
1869,205533.25902461607
1870,226468.57422059687
1871,250800.5255564307
1872,169281.96088574527
1873,228526.6991687743
1874,151320.0017467895
1875,208805.04810436018
1876,193764.78264998685
1877,206080.06365108938
1878,202454.2931304527
1879,131923.60585437217
1880,135672.7274468603
1881,245662.0192130637
1882,249663.20275138062
1883,186555.71224129602
1884,200019.21870369912
1885,242545.4596948772
1886,298196.49155925587
1887,202200.5744220949
1888,264487.37039769726
1889,164565.4771919445
1890,129798.3778386967
1891,131997.1561289519
1892,101925.5927537102
1893,135439.38316688
1894,117070.32900945788
1895,139225.86884320618
1896,127048.87406109778
1897,121031.44491629547
1898,113171.44543939058
1899,155014.78605962102
1900,137333.65188333418
1901,173046.5765347162
1902,139462.6882546059
1903,195254.20352489201
1904,144866.73521596254
1905,195022.54045450586
1906,127590.89323175444
1907,187480.73307282515
1908,109301.3780357272
1909,136611.3571812507
1910,119321.49983329835
1911,215612.1985764687
1912,325465.7382278871
1913,135502.77139783584
1914,49614.6207551806
1915,315140.8564598218
1916,64365.116547725374
1917,240770.58870344394
1918,140781.63981105352
1919,168543.89809357334
1920,143774.272747048
1921,422904.77730800636
1922,327665.55265190895
1923,209674.88939814508
1924,243507.3529265732
1925,193631.07265896298
1926,412370.144326692
1927,126825.2603683398
1928,153744.08475544397
1929,125007.51837043867
1930,130955.88455574785
1931,147932.46254720393
1932,140972.2994477789
1933,192300.1050264468
1934,176076.92373952334
1935,177118.51507138796
1936,191129.7765947891
1937,183046.26403014996
1938,178075.8405300955
1939,247418.4158255422
1940,180437.37691472104
1941,172583.49852018917
1942,186892.4713545902
1943,209919.9649764991
1944,394793.4582392734
1945,445451.8956738842
1946,148933.891135237
1947,353347.2159836537
1948,176725.20850930127
1949,255168.88600260552
1950,178483.66146590665
1951,256979.13539419582
1952,205581.12791239072
1953,167624.57344801808
1954,182209.80118166088
1955,134893.87444101268
1956,301410.2334125016
1957,160190.65965379338
1958,326416.95668005873
1959,142776.69473618685
1960,111891.6063133382
1961,126972.13298980586
1962,94146.28928502944
1963,101655.81090874986
1964,111872.25003388176
1965,147624.16158291604
1966,134615.96618025587
1967,288684.76481292007
1968,429124.5528932749
1969,421859.6697310547
1970,451048.4176222872
1971,463807.17101635196
1972,385293.537618854
1973,250122.71752558416
1974,331991.8115122056
1975,422760.5189377587
1976,272284.9002477003
1977,373977.7358679518
1978,352055.5509252662
1979,341875.6775803777
1980,194140.8654947496
1981,347846.58841882943
1982,215284.07916628162
1983,208807.93523268294
1984,165589.6114744109
1985,224236.46413394698
1986,216653.46654564718
1987,178682.87007902467
1988,171960.36615066687
1989,191250.89573186988
1990,214701.60880023308
1991,234078.66317014664
1992,208424.8415398755
1993,168951.42233953433
1994,229118.70140266596
1995,182298.45718330922
1996,256028.46171810213
1997,314355.0226555791
1998,334923.8062820877
1999,258152.83315596345
2000,325341.2667225934
2001,264746.3871501928
2002,250750.82914519505
2003,266007.9168330647
2004,270930.2370731828
2005,212945.8297403721
2006,225878.46018243895
2007,250890.39998319914
2008,229947.64506079207
2009,197684.6307671925
2010,193400.35248613099
2011,130751.55549832367
2012,175731.6001465113
2013,181561.99943035995
2014,186600.47709372645
2015,205080.2889522309
2016,198277.8189538829
2017,196811.36194077483
2018,123176.62199749419
2019,136612.5132317722
2020,111088.70791844763
2021,108378.37969431354
2022,175519.6053761093
2023,141463.7574254031
2024,251497.16078261315
2025,331307.09724476776
2026,175283.47475026842
2027,162417.2854432852
2028,148439.05170983105
2029,175089.9223200493
2030,274241.9702446368
2031,232973.6783613788
2032,250572.28533329122
2033,265657.5812493507
2034,170162.7598703356
2035,212900.4496830104
2036,182772.5902786835
2037,184141.75678646422
2038,265026.2634237709
2039,229819.3638146358
2040,278958.63273391256
2041,286083.18022391584
2042,202567.70026445686
2043,169356.62529731827
2044,164877.65752810193
2045,206123.22618174966
2046,137586.59079828256
2047,148408.12297293774
2048,141142.76306029054
2049,135441.49699898297
2050,176369.10317968443
2051,101300.11327351908
2052,131760.12570586224
2053,139407.64434685966
2054,73014.89602568529
2055,151890.7151864477
2056,144097.5376446763
2057,118996.98286909709
2058,210539.01316161847
2059,135893.67501086893
2060,168033.43322490764
2061,166535.98690304626
2062,133680.8171753119
2063,111239.59759634266
2064,142830.01483682563
2065,114445.36531949713
2066,165379.88509285075
2067,104190.25386521319
2068,132905.20357778374
2069,82029.02484085989
2070,110939.25260827456
2071,99568.23374328633
2072,117366.29857136087
2073,145511.6604326291
2074,180324.69597123048
2075,143756.74997886532
2076,122441.60596083691
2077,154207.3307497903
2078,130522.64935993188
2079,133599.6847696171
2080,119396.05260928512
2081,120542.5043953651
2082,123114.175449292
2083,143172.00177230782
2084,110073.12914288696
2085,128140.72783708399
2086,123897.34916740822
2087,121220.33491003621
2088,93211.4000519664
2089,78140.73120311704
2090,125867.01132796337
2091,114762.71661839359
2092,125716.37326378809
2093,113898.98706723121
2094,108359.71763244155
2095,146355.90657198653
2096,78644.74137097012
2097,98345.89534809005
2098,144601.98809785073
2099,53603.7337551822
2100,75190.29396194234
2101,115138.04617029119
2102,122587.14076218224
2103,104594.58830999107
2104,127244.45547672233
2105,122360.7617739065
2106,65817.01500739506
2107,203313.0157089754
2108,111434.75736475512
2109,108144.70966397431
2110,133922.8402973022
2111,130500.71368832869
2112,143926.09121979628
2113,122943.64732461784
2114,105909.26298306212
2115,163053.1039755846
2116,116364.85357565084
2117,151739.9342285249
2118,126031.88036896955
2119,108823.63569476863
2120,118278.4419378684
2121,78633.98635984758
2122,110451.43541951652
2123,88292.66050591796
2124,157339.85887356958
2125,125098.79181313544
2126,152750.9554802457
2127,145157.28228318307
2128,117938.63325890723
2129,96022.60691471178
2130,137743.38112075054
2131,140527.59325695623
2132,111998.44750626326
2133,126878.56079946438
2134,123876.01117054612
2135,98522.78203443157
2136,74072.90843786956
2137,114900.8640515732
2138,128678.61331219513
2139,147126.7656837067
2140,139311.0580032446
2141,145046.8957810798
2142,129121.01709100154
2143,143112.15797759712
2144,125433.65380031032
2145,136953.59301962485
2146,167218.05924761534
2147,140343.852803493
2148,129292.71095288459
2149,150071.5797388623
2150,227411.06479052044
2151,104341.95089908442
2152,158239.24263141493
2153,161375.61473208558
2154,106392.87191516755
2155,138677.8252581934
2156,252976.9349816184
2157,235304.2564779975
2158,238048.29193432175
2159,198352.32095872637
2160,169811.08426103627
2161,237660.75498590057
2162,358116.8107658606
2163,370128.51184332464
2164,235187.53873054497
2165,195440.68967145198
2166,155844.1212585014
2167,214790.56801011247
2168,203319.92907686657
2169,197835.4601636649
2170,222299.0905913935
2171,145521.71227192186
2172,134167.49134561652
2173,162930.78449453722
2174,226188.40672147338
2175,290133.65337421175
2176,327403.85623674875
2177,239718.20829841163
2178,197322.54939007378
2179,139989.27526238334
2180,202432.1144044753
2181,180639.15647411643
2182,214406.9166842535
2183,189634.10709663495
2184,121710.01881629715
2185,120339.15847596718
2186,146979.12060796283
2187,151770.98925397074
2188,152783.59326332939
2189,221691.86813568522
2190,80248.72800320631
2191,79069.01744396603
2192,87026.85124165994
2193,102103.64328113764
2194,98818.62170138952
2195,114323.1564799275
2196,109472.42699166895
2197,121841.03064594915
2198,155539.0758872858
2199,175782.15437105924
2200,144710.329684578
2201,135932.54896101577
2202,205856.4328096169
2203,147227.50627750412
2204,180294.6883619235
2205,121691.80398823897
2206,135757.08161690153
2207,215628.4616693663
2208,250377.86835129687
2209,243460.8312197712
2210,121663.0665347843
2211,114367.81873844354
2212,118293.81684646997
2213,101453.27918938857
2214,127750.66147282442
2215,105133.02973934896
2216,152724.67972828346
2217,67550.86573785456
2218,63786.196224501866
2219,57159.59700797314
2220,55715.79913361858
2221,317617.68443640415
2222,278971.01690514944
2223,280442.6101431391
2224,206704.9759800664
2225,118718.78494923966
2226,188334.9943081405
2227,197173.9311592263
2228,262028.5606855703
2229,223414.2996677364
2230,160935.50337647536
2231,201501.54362637468
2232,181912.57834539696
2233,175513.67432526627
2234,233858.26961033724
2235,219598.16029931267
2236,248433.84311697324
2237,346197.22421402036
2238,198880.34728045654
2239,108585.69240239084
2240,154740.1619852265
2241,151520.92850796322
2242,123009.01906994778
2243,124296.02633902314
2244,101524.7934595229
2245,99388.53221307741
2246,134742.37211115457
2247,101868.3654321549
2248,122236.9212299621
2249,120924.86246468598
2250,131492.17646284393
2251,112223.02115467064
2252,171521.17936134897
2253,158661.39422064857
2254,183647.49446876874
2255,189456.4469955977
2256,176713.88741479247
2257,210021.7264865579
2258,164941.48565230082
2259,180660.4770592716
2260,148883.429797054
2261,188048.16707368914
2262,212201.62358269177
2263,390512.51671222073
2264,445503.66710812907
2265,166359.4321706362
2266,333751.53896943154
2267,374112.7005402555
2268,411239.31556642306
2269,149618.20419990053
2270,189965.35032825044
2271,222323.59218029093
2272,198879.9992227827
2273,166425.52386792257
2274,179687.43533016776
2275,164981.97583452836
2276,202827.26322375063
2277,189489.4631114918
2278,146380.5927771384
2279,127843.80058423511
2280,111477.93759868838
2281,174887.0342497332
2282,189203.59622073566
2283,100337.93142326381
2284,111303.3614819959
2285,136065.25809791722
2286,124109.72635067551
2287,359204.2673776165
2288,258640.12755345093
2289,377909.4172611911
2290,448861.9112446168
2291,325839.27996747935
2292,452018.049539822
2293,439810.96049891686
2294,402835.3938804768
2295,458356.99332855927
2296,257469.59826437404
2297,325743.53668662795
2298,326468.7140688601
2299,378516.00188040914
2300,350366.40839277545
2301,292102.03223410656
2302,247440.29581232808
2303,230039.70951586714
2304,231657.11431730408
2305,182654.71162465378
2306,183305.18485136566
2307,192831.8841995114
2308,231849.6387421889
2309,275311.7462397755
2310,212324.73363626935
2311,200330.63553807317
2312,176677.78770752437
2313,169529.67696504426
2314,169739.970266139
2315,174163.18280669182
2316,184254.10448119923
2317,185183.66302737786
2318,170434.23513388916
2319,171388.6000256513
2320,183790.503800749
2321,234844.79787912196
2322,168587.01507990615
2323,190874.69343720903
2324,173877.95004497856
2325,207886.29173565636
2326,171165.79599402173
2327,206140.1712056485
2328,227770.75486522802
2329,189532.84315958308
2330,179020.03790350826
2331,358217.23212865216
2332,377334.70775543613
2333,315325.99629976775
2334,249926.82881253457
2335,264086.4033342813
2336,340313.1324004721
2337,194130.01026613056
2338,253830.88564593668
2339,214341.64114883574
2340,379518.68166393175
2341,208894.28298976462
2342,219745.06307926815
2343,226441.59919363557
2344,216551.666993397
2345,229841.0123424166
2346,210839.04060889286
2347,201342.91443905167
2348,227550.69756578316
2349,180863.70769591883
2350,306806.99758220825
2351,259383.7840090135
2352,258522.5845724434
2353,260004.661045812
2354,131270.00649440347
2355,134576.52654262443
2356,150983.7092831188
2357,195158.36407817842
2358,193920.2632735874
2359,128551.11338258492
2360,117169.68447228674
2361,146628.72061395767
2362,282418.48093094
2363,138750.85557498565
2364,152157.97471437615
2365,209837.00221668824
2366,182417.88592930985
2367,212495.90447252282
2368,219303.63675570724
2369,211059.46561449967
2370,176572.42990648403
2371,172681.46023243765
2372,188539.09747332847
2373,269353.4228719469
2374,331212.6466769403
2375,258670.55752430847
2376,273159.281247968
2377,338247.48136049684
2378,153847.19125722654
2379,194688.0697696434
2380,144347.09809394716
2381,160825.92267057885
2382,190547.87143272813
2383,207427.20924681332
2384,245595.54763596496
2385,159481.3747987438
2386,135829.04278824193
2387,130899.37796503617
2388,100660.36401729623
2389,124363.2923952313
2390,159181.84514507963
2391,146686.16555744372
2392,116164.46043309271
2393,167632.2366345618
2394,151087.6421475437
2395,200370.08932997126
2396,143998.18600891784
2397,201999.94177457088
2398,132016.16016269778
2399,53316.59567335747
2400,49781.52309117803
2401,108938.56436241891
2402,134777.23258438538
2403,137473.60415900016
2404,153647.04549245577
2405,158127.9788664618
2406,136484.53814275528
2407,125774.24540143397
2408,141576.61671239813
2409,125774.6199752608
2410,161040.33828908886
2411,122931.32318134006
2412,159146.0001158262
2413,132172.51558451485
2414,149559.26718968264
2415,132393.36450153557
2416,125047.06303274793
2417,133899.12047494526
2418,129297.64520262046
2419,121224.45043515407
2420,129792.28263982297
2421,145910.28047125015
2422,114199.1712367474
2423,115236.27849550139
2424,143939.33561993213
2425,207320.90846574274
2426,131862.8371653668
2427,132078.18588664467
2428,164906.16605281917
2429,113566.42199756345
2430,134789.84045465832
2431,112586.58976125583
2432,144625.96703888994
2433,146426.15919178087
2434,143703.18734688716
2435,152492.6563687137
2436,109893.12971125664
2437,117281.31625779584
2438,131059.31068417859
2439,111063.67332825679
2440,121575.31365936711
2441,88191.97310169028
2442,98412.55119053953
2443,123909.10018911128
2444,123741.1581717747
2445,81500.80128352396
2446,137765.56763436654
2447,174144.17070397476
2448,135067.31237467716
2449,103288.78640593839
2450,148152.67752407087
2451,121405.71410032379
2452,199907.97322472572
2453,86220.01587824039
2454,122115.2420006477
2455,112318.96991015942
2456,133779.05768322662
2457,134939.79349570832
2458,121457.24933587744
2459,112378.26002683656
2460,132149.9727577891
2461,119875.13145979935
2462,138838.45137699056
2463,123751.08314764798
2464,173155.16035096222
2465,150561.83985710153
2466,120809.59052033696
2467,133408.66695639165
2468,81789.45854687915
2469,78844.82096792855
2470,187826.3442349555
2471,198713.79727130284
2472,153305.19198139908
2473,120553.17697094924
2474,77517.24125670425
2475,211989.2655878278
2476,113524.46686733249
2477,132421.08367136045
2478,151961.446589462
2479,104091.21647891852
2480,158861.70546166314
2481,125519.56320623263
2482,132756.15984560054
2483,113420.56434718064
2484,121700.88086583524
2485,122939.83863262541
2486,159360.71549449093
2487,186032.45335498409
2488,150288.0603536035
2489,147426.35037848057
2490,153267.88029419497
2491,85968.26337857205
2492,183922.7908895355
2493,147527.6244463173
2494,140748.81692686665
2495,88575.37347855183
2496,225725.43310847494
2497,141959.10403921013
2498,113421.0223348702
2499,88469.31390871634
2500,136429.8803958597
2501,136916.3373972238
2502,141197.85479684945
2503,83152.91262917873
2504,170941.86369693198
2505,235965.7729477325
2506,251539.59667702185
2507,261514.4925612578
2508,249791.04441833
2509,216158.15521572423
2510,216385.72120670465
2511,173686.5127764074
2512,206588.30142396447
2513,221444.46620376746
2514,258968.08531914323
2515,149683.24871594523
2516,175484.033665256
2517,141178.97242072396
2518,150492.26540404127
2519,231731.37004662823
2520,212645.98419703564
2521,189869.91376156735
2522,216472.35390250612
2523,123508.39778136925
2524,137926.50701789063
2525,148924.17185585632
2526,132094.13461085412
2527,116489.05243991547
2528,131236.18084737996
2529,135303.7266187596
2530,117354.79703983854
2531,254945.5202855779
2532,220840.11915547555
2533,194549.81441606497
2534,226546.06828660326
2535,303543.5786373653
2536,240415.28384511915
2537,237096.9494690024
2538,180707.87517259066
2539,184356.76662890756
2540,178253.09032440954
2541,179568.75905654635
2542,165674.13529681799
2543,127908.69954019159
2544,120929.88431574855
2545,128948.11080922639
2546,128479.88691170834
2547,136509.1409474284
2548,145814.7520852519
2549,167036.91875114825
2550,284798.5238236937
2551,140455.85862052225
2552,127036.35905138875
2553,74749.03184521708
2554,100456.29541451774
2555,119903.14064351592
2556,105772.83847576023
2557,108832.29718442794
2558,138743.91267009435
2559,138536.32552543364
2560,150523.76339643754
2561,141199.7827275229
2562,143371.5136132063
2563,155877.74459264317
2564,199714.68187166104
2565,137733.18688960382
2566,167801.8631284654
2567,133889.19419893445
2568,202870.19889752084
2569,213325.1111536552
2570,116802.14995353778
2571,188732.04949679849
2572,135966.1980733726
2573,223055.5184580573
2574,262699.6823912399
2575,131958.27845426646
2576,114805.70593642778
2577,151512.91700670606
2578,78085.64329873126
2579,62020.44101180404
2580,92503.33957717856
2581,96237.08696866408
2582,93388.51803971016
2583,268585.2229982385
2584,160656.2347271885
2585,199317.8480475718
2586,215330.83143639527
2587,189240.3180679103
2588,138030.08859886587
2589,145034.96625931666
2590,207358.6545754949
2591,202494.1586493456
2592,204607.53610392526
2593,250515.27395698216
2594,172347.44626397165
2595,185037.62989535753
2596,299738.8351074754
2597,191448.94283531397
2598,285641.4349702034
2599,299743.6790667735
2600,155573.85537474303
2601,146652.29262793195
2602,79558.75070194913
2603,94313.4701733216
2604,85141.77445049775
2605,76703.18068761805
2606,151743.68584995702
2607,192114.17467117994
2608,189422.666379621
2609,170426.01527983975
2610,106158.63789195972
2611,112445.36314528208
2612,149248.5975520953
2613,132445.410452
2614,131269.55434208698
2615,152380.05445695308
2616,142974.58210814663
2617,185587.04815279593
2618,217303.90200689883
2619,193290.04518217972
2620,183463.07854480733
2621,177077.62365237463
2622,184831.93730207687
2623,235300.70079306184
2624,307443.683535716
2625,292501.10860809044
2626,175173.11858069804
2627,157506.9823608908
2628,524359.6271958004
2629,550001.1513519074
2630,365375.2672773822
2631,452210.2739290085
2632,439784.75284012535
2633,360369.10946693446
2634,431880.85259602894
2635,159745.83843957144
2636,178298.11446115616
2637,177771.48112956504
2638,249812.34017337422
2639,182104.61766084953
2640,154109.54119488603
2641,107950.80298283452
2642,192762.09030438337
2643,99661.5098674269
2644,124975.91725228443
2645,104429.35681916871
2646,94703.20341277368
2647,101448.75808206016
2648,140617.32138352544
2649,149811.56979243128
2650,130428.04480395005
2651,138992.2903200611
2652,396291.88375344715
2653,248483.88813206315
2654,248017.58729078848
2655,427815.9243829902
2656,301839.90641608776
2657,319969.1958361455
2658,277841.64819766383
2659,290241.43925015104
2660,340911.844954249
2661,357355.11989117146
2662,383187.83723418403
2663,278768.00259993854
2664,272507.4418815323
2665,320860.5131296673
2666,273927.61573631986
2667,164103.40872660777
2668,179222.72629693188
2669,177417.60929144753
2670,260785.24698211634
2671,178021.8519708775
2672,185035.33603862295
2673,196753.2645891881
2674,198002.36057333162
2675,175642.98295202074
2676,187471.7874224043
2677,187832.5387951265
2678,248868.1572255904
2679,281418.9250745653
2680,271289.02845033706
2681,411327.563386791
2682,328776.83743955754
2683,530153.6690688139
2684,324921.6501389568
2685,331833.64795724436
2686,244751.91578592313
2687,325316.0306569407
2688,197466.5531794547
2689,197885.5990117487
2690,433313.71751245944
2691,197104.57708981255
2692,126884.43375556325
2693,188684.86257891462
2694,130648.80895293203
2695,191843.12229097955
2696,180672.77454079967
2697,186234.36305088477
2698,189278.79442489232
2699,185568.95091151024
2700,166433.48055938646
2701,142261.55843698152
2702,111301.35282606655
2703,111850.44298454627
2704,141637.65330699523
2705,123487.93724934924
2706,113087.11860770422
2707,123688.77619498334
2708,132813.78819127264
2709,102583.00206745566
2710,130662.72248399744
2711,295686.7329082492
2712,399105.14202564105
2713,175189.5554856836
2714,151078.59694595594
2715,170183.0113522785
2716,140444.3962598728
2717,179504.43588074532
2718,229156.120481058
2719,155057.70815424237
2720,169289.48327460908
2721,138723.27056966544
2722,155780.44247050918
2723,141356.3485349956
2724,134245.2406436835
2725,135738.45810317766
2726,149830.3634892157
2727,167405.46933867485
2728,176591.28428671765
2729,157519.57992489397
2730,145206.28694885105
2731,127932.73421754746
2732,133398.8857521524
2733,160335.2332654124
2734,142854.92689467705
2735,142878.88862645265
2736,146953.77058925643
2737,123837.88432646128
2738,130954.59780403049
2739,163463.04260216485
2740,134372.23036537992
2741,147753.65199055252
2742,151210.180097842
2743,148327.33275673378
2744,154633.85041835578
2745,136178.73642644865
2746,138472.37776067216
2747,140894.02104180347
2748,124073.1752898138
2749,128793.48466738002
2750,135553.0701315481
2751,132913.1870970144
2752,177715.70155163683
2753,146710.5062479728
2754,219571.95754614193
2755,129787.53236638538
2756,89946.35077606612
2757,63405.41846107065
2758,75037.48766173454
2759,168510.1923675307
2760,128263.56099372159
2761,146006.96003199642
2762,145451.45526918164
2763,175925.74357649064
2764,133261.87883434747
2765,262887.34103240096
2766,116592.74506405492
2767,86046.63981630355
2768,125155.98292387954
2769,136135.47756695462
2770,131305.63468887415
2771,112905.5180280432
2772,110913.25403566741
2773,162228.87932816404
2774,139402.0525389009
2775,116631.58084273916
2776,133978.4444840913
2777,140506.4748150999
2778,98018.6129499536
2779,126525.48869118914
2780,92850.51407392486
2781,96871.29011677063
2782,97985.54020520442
2783,97282.27485221789
2784,125710.18342408183
2785,142415.4305897875
2786,68837.36224014028
2787,119208.04848571509
2788,75492.76863670183
2789,166989.64613516998
2790,99464.18247849835
2791,121322.87851281861
2792,49140.186523082906
2793,140655.48065133634
2794,96697.16558790159
2795,120109.11656138918
2796,95513.08383139195
2797,198615.02633504517
2798,108790.25108701443
2799,114631.70264700767
2800,64328.97987617662
2801,104644.86763733272
2802,135466.7099732793
2803,144685.62443547227
2804,127724.27847015024
2805,101764.91618285728
2806,87052.2341944272
2807,150602.93204075543
2808,146973.87454585423
2809,135438.78255592936
2810,132889.25587529023
2811,159857.93626523585
2812,156918.85150575027
2813,153144.80578143935
2814,156184.87068975187
2815,88629.94473286711
2816,229840.89486483752
2817,155158.0761823419
2818,133894.32097553107
2819,168557.77052439124
2820,140856.3873026376
2821,110324.21848431256
2822,185081.0842444797
2823,301586.80867622385
2824,188563.79825971887
2825,151042.95830192612
2826,129701.7503042619
2827,129352.7624155846
2828,218534.54553728914
2829,201887.26046943883
2830,216537.85981693328
2831,176118.84138245188
2832,241996.42667293767
2833,290937.1086068778
2834,209328.07849061393
2835,222041.43115570882
2836,188937.07575960664
2837,150175.242444981
2838,154986.22539737768
2839,176719.2663180888
2840,192665.73805850898
2841,205430.2725872417
2842,226850.05794369
2843,152453.3950578707
2844,155785.05889033386
2845,121752.49397301192
2846,209771.26476203903
2847,206448.37037050334
2848,197253.93675040023
2849,199459.0560743581
2850,280408.0599848165
2851,210237.81807853654
2852,237132.85873577726
2853,233737.91091042114
2854,139794.38008196818
2855,207400.6529905171
2856,192806.68411332156
2857,182656.10360615462
2858,187645.07500374093
2859,120381.42358713906
2860,125205.77726645375
2861,117412.78970707038
2862,196978.03095487307
2863,118869.47178797892
2864,246578.73373281505
2865,139950.55218463772
2866,132072.64060888565
2867,96226.24781582026
2868,91842.46780602014
2869,106299.4567644122
2870,122747.9521732124
2871,86071.80100044342
2872,50832.04372089074
2873,93502.245487002
2874,134818.9818618707
2875,117055.87813935429
2876,162627.49324408142
2877,141552.78893965678
2878,164237.23918499623
2879,139628.3869695424
2880,98122.0767313933
2881,147201.38292439605
2882,170162.728788478
2883,187576.11103443807
2884,190125.94324734507
2885,182984.93971440964
2886,236826.9399257546
2887,89544.49768655462
2888,133915.06961790367
2889,53118.6954803972
2890,81788.28263484359
2891,131791.12241144036
2892,41016.25640438294
2893,71811.25322189275
2894,47347.67248019326
2895,326127.33692102134
2896,272771.0745986122
2897,190217.833176622
2898,135203.3633328457
2899,206278.61434171244
2900,153413.23443960198
2901,193581.57892908316
2902,181412.79581277035
2903,329654.610089386
2904,343369.5311813195
2905,84304.05128243698
2906,204503.69752499767
2907,112108.57530630825
2908,132735.58331663118
2909,135123.9500054452
2910,79478.56737548237
2911,76483.86330533803
2912,141405.6063025594
2913,83979.56441873714
2914,74726.47189703258
2915,79143.5625210034
2916,80863.23302934553
2917,151506.6578859992
2918,118155.4717804985
2919,212574.5739213629
