Id,SalePrice
1461,123426.49711871904
1462,155749.93759576904
1463,184039.43285233283
1464,191842.46714014706
1465,180070.87730006213
1466,169383.37988463065
1467,175292.38397522087
1468,166860.96211624026
1469,184753.88165708527
1470,123697.86591158557
1471,195956.96766465166
1472,92307.34859480419
1473,95557.16227774954
1474,152862.27656291076
1475,114171.37756715064
1476,353504.3899679914
1477,236354.16234073113
1478,263961.5820801068
1479,273781.54297028057
1480,463956.88571653597
1481,326544.6961307258
1482,198324.62246194042
1483,163882.4789710504
1484,162418.0277075955
1485,174847.51142733422
1486,192283.53510548722
1487,320290.10092206474
1488,227966.74603230294
1489,193924.68060085512
1490,221666.42413636373
1491,189410.68025438965
1492,92394.71521248354
1493,184068.76491725154
1494,285858.66594147275
1495,287289.728708736
1496,240161.3837371605
1497,180715.09325957473
1498,155917.18113541504
1499,158849.6938022924
1500,153471.96511233825
1501,176302.53157528833
1502,142294.92885002005
1503,289487.34407452046
1504,233362.26536716032
1505,221648.09924508852
1506,188880.5900866841
1507,254648.35494655918
1508,196816.59968815837
1509,158853.0103494701
1510,141992.38831692535
1511,144034.00443013734
1512,167199.43077605648
1513,140872.64037343656
1514,151111.16007774722
1515,196623.39046825172
1516,148111.45474733246
1517,161376.53483351573
1518,131842.67310227721
1519,229152.43277136696
1520,135550.55787030014
1521,135505.94979442022
1522,162225.2134469802
1523,115439.81077345194
1524,122773.64827165099
1525,123777.74381629864
1526,113717.11262477234
1527,105961.01442033358
1528,131505.96161982423
1529,147884.17439263605
1530,171335.12056650614
1531,107245.26704904743
1532,96846.21754690242
1533,142112.43722890256
1534,122432.3329432703
1535,152732.4700923713
1536,108324.35371669938
1537,65012.711686873015
1538,148066.69615574914
1539,183340.48411966252
1540,93616.33684979324
1541,142502.71625881572
1542,139979.85339489533
1543,201956.9751364991
1544,77774.9830039597
1545,112168.36940561929
1546,130307.46604198567
1547,137396.6431066352
1548,138272.21243758086
1549,113969.60617866172
1550,134238.42962848535
1551,114781.89406351146
1552,142293.90909714613
1553,139644.9917660753
1554,110278.0752104419
1555,157885.87871265825
1556,82227.63856250927
1557,108426.37156431504
1558,96185.8128297842
1559,66919.6854570375
1560,139028.020605369
1561,131793.38786272152
1562,129101.37787894605
1563,121728.6291800301
1564,158155.470860918
1565,145626.70555645897
1566,230485.1422180041
1567,74375.70761522272
1568,216323.2686036068
1569,138504.84835298127
1570,137082.79840494925
1571,118166.32973749367
1572,146693.17634754197
1573,238728.15706337502
1574,109490.98878886364
1575,222801.2105937727
1576,228724.67610278385
1577,186931.28820215847
1578,137898.22720322057
1579,146379.99140974533
1580,192640.24021895454
1581,148551.1668068256
1582,125684.53982236411
1583,325372.1944848814
1584,222380.4020994201
1585,139420.90658506818
1586,75733.8224683126
1587,96278.42032004474
1588,149892.92649552933
1589,96579.98054706922
1590,133653.76327929
1591,93786.21660364521
1592,117057.58727513801
1593,126161.73010740703
1594,134072.98000227808
1595,111291.1739880726
1596,242493.99387330038
1597,182086.45669366836
1598,202892.28650468413
1599,173995.3125284914
1600,161023.90251676427
1601,67980.1953127177
1602,116433.47382526357
1603,71894.63433960726
1604,261169.26209028234
1605,237228.01517779555
1606,163144.7056891686
1607,165948.1649665358
1608,208008.58608171466
1609,179525.36201374303
1610,151482.9415685435
1611,134346.79626610747
1612,166346.2499282208
1613,162324.0815806942
1614,126147.74442958052
1615,86436.55546713178
1616,73938.56822119854
1617,91200.51942152355
1618,121343.29373474504
1619,137902.62176402294
1620,170634.61727170984
1621,135883.44246573755
1622,137988.9920321602
1623,274465.4609259348
1624,203339.51383552275
1625,121553.91688942787
1626,156852.0968476027
1627,187716.12182568584
1628,274494.22120260575
1629,176608.32872794865
1630,358188.08156726963
1631,205725.04275041592
1632,229282.32653078763
1633,166467.5356048948
1634,185979.4951668303
1635,178613.60530117713
1636,150416.38391185654
1637,195155.6874578346
1638,184468.40369063197
1639,173562.9143023736
1640,266223.7121594966
1641,169827.33551437472
1642,225877.55249642883
1643,212544.95621250727
1644,222735.6182339897
1645,197920.12829325194
1646,154793.1823048363
1647,153489.12936655045
1648,130244.04282871986
1649,135111.48249054147
1650,116747.35850918222
1651,119473.29779532272
1652,95192.55948127923
1653,97399.30885390812
1654,146416.66875059126
1655,146329.54834352928
1656,144348.00460153102
1657,147228.49326980356
1658,140042.34275222308
1659,123983.90786392304
1660,154153.90597970027
1661,423634.31236958853
1662,396447.1422068749
1663,379418.5637633262
1664,370287.1720145262
1665,298017.91869107226
1666,325679.79178992554
1667,360955.74072358833
1668,333811.2786522773
1669,280786.28504066064
1670,342849.6710981109
1671,258598.75004139618
1672,421420.9005634443
1673,275350.15164019575
1674,232852.80423115758
1675,183283.24745204273
1676,189885.19163764972
1677,218362.5495380737
1678,447201.4513669723
1679,390836.8578394094
1680,343413.8003440907
1681,244792.89371134352
1682,301151.9492055209
1683,175991.59953163698
1684,170703.80370562524
1685,165389.80457209586
1686,164579.59530529438
1687,161033.7662648026
1688,190795.97969375705
1689,187783.7685112867
1690,196858.17808736162
1691,181749.5636548123
1692,254756.98172711756
1693,163647.77183255076
1694,182842.10209094657
1695,161450.34911361113
1696,270610.4695728563
1697,167059.97988207216
1698,349958.8927217399
1699,320674.489420861
1700,248119.823134211
1701,264096.16510765546
1702,243927.72473278694
1703,242684.36705808376
1704,279317.0276778451
1705,223540.48427095253
1706,397129.4278066404
1707,209518.99674030504
1708,206279.43767983484
1709,269468.76829260367
1710,212418.9832416448
1711,252135.69316159684
1712,262128.1880457751
1713,277527.20788386225
1714,222866.5065830819
1715,200778.02315142675
1716,174883.8712332896
1717,173468.3440108608
1718,129645.7346152705
1719,197068.14933695903
1720,238518.12676932284
1721,156272.4549647462
1722,120168.81751988264
1723,152855.11926488733
1724,208150.0601856217
1725,239149.04888703872
1726,181251.0494385355
1727,156006.48427418582
1728,175921.92445604687
1729,168834.52008851568
1730,163323.29051592897
1731,121165.17164750074
1732,130959.41275157355
1733,118077.19525843569
1734,119118.66597886906
1735,126767.4277645548
1736,114322.35398727235
1737,316888.2891462946
1738,218218.2403889919
1739,266220.33848387597
1740,215168.989841752
1741,193426.2496080855
1742,168589.30676033333
1743,172336.65505507519
1744,303156.6571982589
1745,213417.6586443678
1746,175137.22323176503
1747,212135.4626272332
1748,220817.9609914035
1749,145310.24850986153
1750,127411.9297844198
1751,228844.79413064785
1752,119679.4413821513
1753,146720.60006673913
1754,193927.10922928678
1755,159678.6361637705
1756,124680.99000826932
1757,122169.26694467536
1758,145514.72760816023
1759,156891.39480141527
1760,167200.46886314452
1761,140740.04604390284
1762,171810.15743319053
1763,167844.06667917842
1764,117284.1501759469
1765,150718.21976389425
1766,176340.70560114348
1767,211309.023887931
1768,145640.2027497103
1769,164840.23316888
1770,144568.03915338634
1771,124397.73190310322
1772,132591.29406968725
1773,133323.65562344983
1774,133420.58354196427
1775,136079.657514963
1776,121436.71643855124
1777,113022.53189770217
1778,138525.94526841043
1779,113698.64896344594
1780,176032.61769727766
1781,125897.15044388402
1782,90209.83628462955
1783,143956.44351944918
1784,102829.94385854786
1785,117299.4754462525
1786,131865.79167034657
1787,159885.96538866317
1788,56289.47052948372
1789,96848.22853614375
1790,82369.4919956089
1791,177622.3828580207
1792,152862.17354883827
1793,128685.93522129998
1794,144157.2373869327
1795,131924.0104813733
1796,120277.45214263728
1797,115431.51972263244
1798,123115.82913539087
1799,107238.12295989077
1800,131140.9078268153
1801,134181.83591263276
1802,126890.70875905827
1803,147807.51944564504
1804,144392.6604350026
1805,137419.2754539297
1806,117771.03904065443
1807,123781.33631354611
1808,114033.818918348
1809,117419.76069998348
1810,146798.20285014217
1811,93410.2436483473
1812,98466.26436064394
1813,125077.08007566207
1814,96370.54927156931
1815,54868.53979676228
1816,90869.17301992717
1817,109607.85239509429
1818,143803.67842693813
1819,119117.84129706104
1820,51925.8575603338
1821,105717.82478041315
1822,147425.81733496214
1823,43871.614726786596
1824,127714.51556053584
1825,133327.88811091008
1826,101203.95784092945
1827,104664.14253729791
1828,136771.51787732352
1829,111750.29752817529
1830,141649.3887759328
1831,143889.5654755368
1832,83201.87047925609
1833,137699.88924088088
1834,117765.2736089775
1835,122043.99554525362
1836,128090.97543565283
1837,88662.36659973954
1838,124501.4182943045
1839,93657.18554020065
1840,158106.17843235002
1841,138319.90676175366
1842,82268.0723496848
1843,131016.62723290722
1844,134814.22841055057
1845,133757.39780815362
1846,144531.10500526908
1847,154232.50765955859
1848,59227.57477325818
1849,101135.58077862886
1850,115189.89087994343
1851,154542.27009332328
1852,124492.03395666154
1853,136149.45837389512
1854,169699.36158074727
1855,145352.38711308755
1856,219147.938149992
1857,142527.6465382105
1858,139287.31595618592
1859,116312.85015861478
1860,151489.66422461392
1861,115414.82869716099
1862,311643.8402007866
1863,301435.9570931158
1864,301655.8577984485
1865,329003.87397104467
1866,338910.91053449997
1867,232098.66005137737
1868,302172.85518996813
1869,208683.97596549164
1870,235096.31061055412
1871,244242.32093139697
1872,164689.18286380294
1873,226196.40067792241
1874,149111.38532723594
1875,199964.06677631402
1876,193440.99117700086
1877,206713.54082474782
1878,197472.71223871782
1879,125750.07465474936
1880,135230.54662173023
1881,241518.35250882967
1882,242700.82467631053
1883,185448.35359789824
1884,196712.6163365226
1885,244832.08649326622
1886,300048.5919642866
1887,201811.17645959818
1888,269613.70012154954
1889,157414.948333107
1890,120874.94959355929
1891,132160.7530529489
1892,106279.7706489797
1893,131139.67247901188
1894,120712.82247122843
1895,133910.85779317102
1896,128374.92486381663
1897,119868.45105560751
1898,113109.66974669973
1899,148338.37971549644
1900,138203.16824012023
1901,168005.58168452466
1902,138367.42526528158
1903,207494.99078933353
1904,141484.4228681471
1905,186887.97236141592
1906,154177.03943625628
1907,191191.46349661492
1908,110064.26111137745
1909,137053.72477168991
1910,118584.8150414039
1911,211008.97811154806
1912,294261.7375964349
1913,135243.68123633135
1914,54291.805551959755
1915,314716.27154075785
1916,69391.22031345009
1917,245506.41031247773
1918,140827.258644915
1919,169516.11305831297
1920,145953.8492025729
1921,440519.98201831605
1922,322290.81306743296
1923,211022.31669988023
1924,229779.21395200584
1925,190800.61702684386
1926,403651.6280951138
1927,128010.73737967748
1928,150192.40122710186
1929,118835.18658009802
1930,127012.66640884313
1931,150808.60248871695
1932,139384.64922908138
1933,181085.7854660549
1934,179434.1570869132
1935,168672.73477125782
1936,190287.8223201378
1937,180641.25450384122
1938,168466.66964474655
1939,234407.75503833394
1940,177363.63060295378
1941,167856.59828466974
1942,182109.73903103935
1943,208255.26006696364
1944,355266.62791309203
1945,389882.4741213004
1946,141000.6555482405
1947,308224.1265687067
1948,164038.5532476056
1949,240642.46431249243
1950,185847.89009569315
1951,248392.04839241283
1952,205125.2893074076
1953,158327.72253282287
1954,183470.73464583064
1955,133204.95880217451
1956,269682.1920243956
1957,149903.22626313678
1958,314415.9004675551
1959,146296.10102745236
1960,114314.52965002571
1961,121872.06126655621
1962,93827.07397668883
1963,98873.50521196144
1964,108382.33409889255
1965,144362.53265057685
1966,137371.72386773032
1967,267856.46042280545
1968,433510.4589661943
1969,398298.8017125985
1970,444401.97684173455
1971,423771.3976228001
1972,385184.68634305743
1973,244848.55845249892
1974,320369.80609055713
1975,392482.8689119816
1976,265533.55666646437
1977,337908.7890559742
1978,344574.41115488764
1979,327820.24673086975
1980,184974.2933696694
1981,338627.2861494022
1982,215974.62330566926
1983,199041.09485690386
1984,165653.6277556771
1985,220421.08088615027
1986,213543.41963181004
1987,175346.4852587162
1988,171872.9113661668
1989,191822.76299888705
1990,206743.03063855082
1991,231183.52208081068
1992,207728.3147208123
1993,167103.78839382448
1994,229076.5721197123
1995,187971.79740897354
1996,245534.3717676181
1997,311707.9007531502
1998,328525.4898528225
1999,255897.25716915686
2000,318937.5892707431
2001,259926.20044955582
2002,238401.40214972006
2003,254468.55278724548
2004,260705.1168720874
2005,210322.3151649363
2006,221242.30151085468
2007,240651.57019814293
2008,216582.7878790696
2009,192709.42988639936
2010,191854.20094780647
2011,133653.0416671156
2012,168971.77248401722
2013,176791.35374912433
2014,183443.65495758623
2015,202688.2053277165
2016,194966.13156290978
2017,194171.2376368609
2018,122635.00867462004
2019,135751.25501171028
2020,110555.64485837062
2021,108202.05675784251
2022,171055.2009874916
2023,138497.1345667753
2024,252224.23657734995
2025,344068.18249686965
2026,173973.6502338509
2027,152371.87904722564
2028,149705.40157580964
2029,166940.49177351026
2030,268888.95934298745
2031,236058.92656569296
2032,250205.6664075824
2033,264427.7116143538
2034,168062.28642001702
2035,210762.5575723033
2036,192845.32741676312
2037,196730.94052677805
2038,284320.8285714958
2039,225242.2344367068
2040,267038.4165386079
2041,277282.0808560073
2042,198589.90093759855
2043,163123.01410934795
2044,161063.53178079848
2045,203766.04569252883
2046,140131.29200591525
2047,146126.5491770221
2048,140479.08628380272
2049,136982.68422352188
2050,177108.63571367422
2051,102303.01401606004
2052,124359.17138273359
2053,143959.10675396989
2054,74087.5685211597
2055,149663.28087827013
2056,142637.43335743138
2057,118407.83445899418
2058,212875.93585324878
2059,133541.7593269138
2060,170673.90204685146
2061,171004.01795882807
2062,131510.10699814986
2063,109324.69993418608
2064,143338.15693477748
2065,117000.34574198407
2066,156008.57820951135
2067,108188.02707612386
2068,143791.7838884638
2069,88534.49199846039
2070,111108.06765200438
2071,94391.86760085332
2072,125789.72694468028
2073,137156.56105838582
2074,181604.99759220326
2075,147052.16996223782
2076,123960.49915047982
2077,157792.27048572374
2078,127488.09243689541
2079,128014.66475972414
2080,119148.36735565044
2081,127533.3892992925
2082,124699.39414640673
2083,145881.9096704072
2084,112979.81974576603
2085,120203.61615284553
2086,111326.60475450702
2087,121746.1732097186
2088,95559.41495535389
2089,73848.88016280135
2090,127097.19089237836
2091,116287.7960381846
2092,122311.22190452018
2093,117251.2190097328
2094,110914.38485190178
2095,150575.50230615452
2096,77290.98448198456
2097,95200.81631201503
2098,148244.6130826012
2099,53088.11906313925
2100,80052.68184337809
2101,115275.05832880817
2102,122446.45959189328
2103,101096.24671690552
2104,134065.40920334504
2105,119628.43877025132
2106,64216.12031238896
2107,213584.26345773632
2108,111497.1964717755
2109,108337.59127098724
2110,132941.5706483544
2111,137541.35326988326
2112,139400.37674605183
2113,120735.0955336467
2114,106733.81634670998
2115,161516.58959722554
2116,120271.78814533057
2117,152173.96765842452
2118,123769.74411657768
2119,108113.73018506367
2120,113701.48352013566
2121,85997.59371258612
2122,107709.43439658394
2123,89085.20788111289
2124,161803.79785295835
2125,127018.49673221845
2126,145833.85990004597
2127,148855.7252429964
2128,119902.46396198672
2129,94436.9412043613
2130,141377.32676346108
2131,133027.8674910531
2132,116865.01198731625
2133,125736.49390407585
2134,119719.14511221617
2135,96422.50280123674
2136,76073.33172918361
2137,114270.24772815235
2138,132257.9484866721
2139,145502.6029790566
2140,141348.1874324533
2141,139838.9139492975
2142,125025.98981897428
2143,145679.4893435345
2144,115565.51881531789
2145,137028.67433824387
2146,161378.95298253302
2147,138819.847790954
2148,133536.6596893628
2149,141877.1085403974
2150,228286.98750769848
2151,111514.5162749027
2152,169793.45297419786
2153,161086.16210790465
2154,106247.16314801037
2155,132857.73478605004
2156,266729.3261978884
2157,234647.48232875683
2158,231393.79489744728
2159,199909.69073371994
2160,166568.23770775966
2161,236763.85268643755
2162,354587.39540565317
2163,346188.053283225
2164,241731.9351420939
2165,190182.82776094237
2166,152565.8115466141
2167,221288.32382384
2168,193605.62619640684
2169,193057.08320752255
2170,219219.4203749036
2171,140859.2346622564
2172,129809.8635371406
2173,158447.58398449828
2174,224444.34990638384
2175,292166.6430774499
2176,323635.5202470308
2177,231416.86144887918
2178,204128.70676446837
2179,139965.20582468068
2180,227483.94002993702
2181,179773.5266741861
2182,211045.74907996735
2183,185802.76906126805
2184,122269.80947615815
2185,114502.29468751275
2186,147558.20758716075
2187,149693.67139793473
2188,153451.51044020077
2189,259320.27570174614
2190,81416.58482893246
2191,81154.34592298564
2192,89219.06229073973
2193,101924.62513012516
2194,100730.07947385026
2195,114602.94976340423
2196,103337.49817576344
2197,120584.57844197686
2198,159864.01660768918
2199,177256.8503413066
2200,141165.39888749007
2201,139204.80467305722
2202,199085.89270575676
2203,136758.38181565472
2204,176731.0141998124
2205,118362.08719235417
2206,135972.23910466162
2207,221680.1437100474
2208,242654.6952687651
2209,233076.49262921646
2210,121257.15192009715
2211,112186.38779308478
2212,117620.23326300507
2213,103331.00797126112
2214,129870.27987239523
2215,104494.69938964031
2216,149123.44425910985
2217,69948.29735625484
2218,61670.311217277165
2219,58950.5324415762
2220,52708.963493957715
2221,316071.4713242667
2222,273323.4549136046
2223,286749.2850596842
2224,206910.51556490464
2225,119947.89859636502
2226,190568.25879998688
2227,199973.83139736857
2228,263073.27051891526
2229,238340.36454838555
2230,149547.54117453418
2231,201170.6691440618
2232,176595.04673123252
2233,170504.3579997319
2234,235117.83389649203
2235,220333.07748417018
2236,260410.02413797646
2237,332118.6642257196
2238,197209.75911676275
2239,110543.5567949005
2240,159438.74422842453
2241,148316.47106338144
2242,124977.15184347305
2243,127080.87859828034
2244,105000.00160986044
2245,97785.44668213179
2246,137473.6756512667
2247,103879.48277639042
2248,121324.84881909593
2249,128211.62462733052
2250,131901.1418233779
2251,108092.58667966787
2252,166169.40894917195
2253,149851.68048265233
2254,173050.39768536045
2255,188884.36117775156
2256,181002.5867925848
2257,206597.8727611056
2258,162133.70698568938
2259,182600.6280181182
2260,141852.9432280421
2261,186166.3195115592
2262,213816.81488601337
2263,361075.2450808317
2264,389769.98017561407
2265,161446.2441881367
2266,303519.9420794462
2267,359290.89709810005
2268,388125.3035348646
2269,147089.86353915656
2270,194028.67953482253
2271,214689.2159233158
2272,196447.8043527917
2273,162970.51247441708
2274,176408.62645597704
2275,152866.04807609896
2276,195279.51151125316
2277,189677.13927633653
2278,145294.778992665
2279,123796.644839363
2280,114093.052346214
2281,164601.67083075174
2282,183055.97589642982
2283,101584.91947774068
2284,108251.96601100909
2285,137543.77620506313
2286,122737.0944274053
2287,352144.2903489786
2288,255197.15290338424
2289,367466.3892772298
2290,432064.65932914836
2291,311172.0744618436
2292,420470.51273146225
2293,425257.3857727533
2294,395497.05868685385
2295,423028.3687900129
2296,265866.8320688731
2297,312225.054153376
2298,318493.07232474885
2299,369328.5939094516
2300,338407.20797100646
2301,275380.1425176252
2302,240700.07584048487
2303,230275.05049782098
2304,228452.8216323436
2305,185091.70213267475
2306,184605.25520427906
2307,186890.2144193308
2308,225047.24202491657
2309,272377.1787453253
2310,202803.62460068543
2311,196033.21569709975
2312,171887.73833905498
2313,167412.04404788633
2314,167079.72453682264
2315,171855.94969165316
2316,181374.83156930376
2317,181881.0867094138
2318,170759.00190632459
2319,175059.8021453687
2320,181769.0015814902
2321,240998.97870538034
2322,173589.37827516245
2323,182164.2080211764
2324,164482.6001449653
2325,205467.5986212283
2326,167231.07028452423
2327,199851.14385472238
2328,222105.1066096276
2329,187988.06053313022
2330,178584.5126070724
2331,347012.693289735
2332,389932.0131004469
2333,314877.5614652469
2334,234315.50421428095
2335,261565.90551421256
2336,329876.09082936496
2337,189026.8276098681
2338,265795.1733280516
2339,209836.36005509223
2340,380203.41753166675
2341,210399.64862657507
2342,226906.28801172817
2343,224418.43263074243
2344,209045.77176744243
2345,225579.98099247843
2346,204505.10538284868
2347,191103.5350165834
2348,225795.0507428625
2349,174184.0015728661
2350,283685.65987319173
2351,246313.6023160579
2352,244818.31688521028
2353,237856.443856192
2354,130805.84176709436
2355,139658.93640819791
2356,148650.82601660973
2357,188378.37373046984
2358,190063.7524880673
2359,133380.94308607842
2360,115505.20835059494
2361,145800.46533376124
2362,273559.6703164235
2363,140291.13945486303
2364,151049.63498421124
2365,214485.56170914025
2366,188700.78646955208
2367,222521.9103393288
2368,218732.82476482762
2369,217046.42707570188
2370,170416.3796414722
2371,164216.54293051176
2372,184796.83782411137
2373,270884.73448960495
2374,325185.51086257375
2375,260274.42110505747
2376,283034.9970586389
2377,351528.4481640841
2378,141567.88595228936
2379,195558.64342378193
2380,144720.32867508905
2381,159001.3623906817
2382,193517.25608669425
2383,204117.30860130017
2384,244798.76633185468
2385,159191.32588638822
2386,135134.61083806356
2387,134114.61188577392
2388,96568.99090344773
2389,124964.74021798302
2390,146170.29543888106
2391,144435.26486359912
2392,114812.27075901066
2393,163440.19575368188
2394,142272.3867846146
2395,205862.30245450343
2396,142220.4008158422
2397,216484.19036636976
2398,134363.21009877967
2399,59982.865971744
2400,53436.54451381636
2401,108890.64785888253
2402,133688.51273477782
2403,140132.37328441662
2404,146276.1299532021
2405,155841.8864442486
2406,139879.30808673933
2407,123306.38972587234
2408,141981.23602645303
2409,124899.06587464291
2410,166366.9170266239
2411,118789.44982494511
2412,158552.96492476668
2413,127995.27902922203
2414,141232.79363457448
2415,133323.28839137728
2416,126096.70321344497
2417,132613.78977124224
2418,130167.98783803577
2419,123462.07843576724
2420,125309.90148301935
2421,147113.599804284
2422,110675.55922916127
2423,117955.47527880713
2424,147815.62155069795
2425,208479.70772669668
2426,129588.41994908536
2427,128873.10157564195
2428,169902.07891634712
2429,114234.96348531538
2430,132491.62255743268
2431,109154.04965207723
2432,145375.61617139238
2433,143435.9652056496
2434,138406.21842230335
2435,150541.61623676715
2436,105729.50654174294
2437,109514.38179299825
2438,128997.17365007446
2439,105929.5688845029
2440,118176.06518395984
2441,94937.52619422757
2442,96791.36788369896
2443,120865.74714823508
2444,123905.60887529727
2445,84701.91816235195
2446,133963.04709143646
2447,180774.37806737027
2448,133275.49818444447
2449,102481.169841517
2450,145450.07594293825
2451,126853.68424857981
2452,196944.1837365678
2453,91197.27085819421
2454,117972.5088477213
2455,115054.03293746966
2456,132404.52116005652
2457,130709.70585386304
2458,119920.67384200181
2459,111302.63454952018
2460,136122.62180712476
2461,118552.50840906444
2462,138970.53489464748
2463,120517.07698769248
2464,179141.58821873332
2465,140145.9342132851
2466,114271.74966710777
2467,133647.97391948674
2468,75841.41320604143
2469,76196.96798365857
2470,186310.7373944351
2471,201942.09705926385
2472,163302.45166588514
2473,118527.49825078531
2474,77064.40081580073
2475,217666.81869133562
2476,119785.98113217621
2477,129598.74829385302
2478,147035.54647851063
2479,101458.05129210216
2480,146437.88876854803
2481,121838.89641041082
2482,129275.80445966692
2483,113377.63951456816
2484,121661.2176044937
2485,126086.0784408731
2486,154049.88720328562
2487,176108.398034117
2488,158423.96978301014
2489,146373.30409531255
2490,147375.36376948195
2491,91892.32957495439
2492,178960.09772571956
2493,143038.8684058727
2494,145531.62098505805
2495,88616.8331828175
2496,241933.98353367916
2497,152073.73438776852
2498,112919.2288712334
2499,90543.66209532233
2500,131478.1246337282
2501,133700.20576981627
2502,151943.530019968
2503,92288.54641737534
2504,165792.78265958893
2505,226954.33008404737
2506,248757.9792107939
2507,272341.6976532637
2508,249296.63121197268
2509,209719.54645357208
2510,216730.11541775783
2511,172899.71972066208
2512,202920.3877257011
2513,217387.59885735548
2514,246205.61328975728
2515,147279.87899149678
2516,165954.98391522357
2517,142524.8021235164
2518,147562.5339998774
2519,222724.11026349512
2520,211467.72149674853
2521,188181.19856026146
2522,216185.1159063621
2523,117194.03629578579
2524,134123.24983541205
2525,144794.91030488405
2526,133054.54619325174
2527,113200.1824506195
2528,130920.24538925115
2529,133037.5975566607
2530,117445.44455229159
2531,257824.83429587184
2532,223641.63922708697
2533,192429.11195345168
2534,228141.70073236388
2535,309443.9752315111
2536,234840.2609606618
2537,233254.40697326185
2538,178337.45846445777
2539,184432.10814328498
2540,172134.07691434806
2541,179972.64566891946
2542,163115.91198943477
2543,128311.57289934956
2544,121821.30761821655
2545,132142.93142116544
2546,126224.31450203009
2547,136185.07477300015
2548,145052.42871164487
2549,159478.74871477683
2550,269316.35487721115
2551,136871.4419951804
2552,129087.41916270796
2553,75479.76456038292
2554,98996.51246378518
2555,115003.24105983603
2556,104947.17595390661
2557,106599.5115878218
2558,138173.46166590272
2559,134387.4781948237
2560,143721.82614273982
2561,134741.3284680963
2562,135650.31529762686
2563,148597.00144127337
2564,200024.1770778775
2565,131211.11550260193
2566,164076.90230662283
2567,133787.16985306446
2568,189193.74166152612
2569,198966.11023462558
2570,117523.96718906476
2571,180019.3296296628
2572,152584.54175067417
2573,215339.6321678341
2574,252465.29689392558
2575,132908.53877798893
2576,120958.15907486972
2577,151771.09248573898
2578,77931.56862583556
2579,65456.89102926449
2580,91689.72358329745
2581,103825.6521159781
2582,91592.06923478804
2583,270173.6348998901
2584,162131.7615736529
2585,180687.7487769685
2586,217854.8132139736
2587,195069.26709055627
2588,142083.35321797596
2589,149053.7601783877
2590,210572.61095555592
2591,204155.6236283254
2592,207086.37727146447
2593,253259.27306209865
2594,175710.03141333917
2595,194092.29038108926
2596,296676.38303439715
2597,184151.8456724654
2598,291291.88099046884
2599,293148.7857074352
2600,139409.74867471473
2601,146019.6246850687
2602,81083.45820530574
2603,96273.21324801506
2604,88186.06021702851
2605,75252.29792440924
2606,148915.64314223465
2607,187419.98797948819
2608,187864.24806216743
2609,167613.73576665734
2610,103262.02704366876
2611,109899.94052240305
2612,152245.7231435749
2613,131577.4855996481
2614,130537.64893613083
2615,151930.1370575647
2616,142152.97348737132
2617,178326.37729886684
2618,198628.91912371787
2619,199266.60058566372
2620,184268.43677225843
2621,171286.03964853942
2622,181879.29505079123
2623,236960.3117695071
2624,301248.22202092817
2625,277144.7797803197
2626,169374.16786905465
2627,159737.76762512393
2628,472858.2641398537
2629,494766.46158169396
2630,337481.53010795114
2631,434746.92462928843
2632,408402.10507128574
2633,316896.46192648844
2634,410499.8386813598
2635,162256.11299529637
2636,177540.1241826466
2637,180606.67937123118
2638,247645.9767964782
2639,185761.31667605092
2640,150924.11828129785
2641,103128.78390226116
2642,187444.39652150573
2643,97035.72777367855
2644,123496.95406441526
2645,103876.26239607815
2646,94227.30074535382
2647,102139.66284750344
2648,139636.46221040562
2649,149192.82251132446
2650,133816.12825738225
2651,139300.4566218042
2652,395438.691588081
2653,233905.6976944994
2654,229696.81281692884
2655,385558.3360242402
2656,283801.6765264489
2657,343321.1613804546
2658,278775.2611027853
2659,283579.6029186846
2660,339194.2275961204
2661,322856.2518470231
2662,343867.6250142889
2663,266132.0932962714
2664,263791.585292747
2665,308041.0134594749
2666,272345.2378430337
2667,161599.97077168213
2668,175538.83906273084
2669,170376.82577814232
2670,256030.87644321797
2671,179053.59144926263
2672,193228.78892039624
2673,203921.74081282198
2674,198601.5500371014
2675,171801.6699350618
2676,184488.1011233069
2677,187850.44510286723
2678,244591.44417551433
2679,267769.341383558
2680,266295.8481614811
2681,417993.14967188716
2682,318907.27646464086
2683,548301.1739383922
2684,320012.8524417584
2685,328284.7808823118
2686,243395.27573021685
2687,306164.79359249625
2688,202388.0710474962
2689,196188.18241987226
2690,423394.43755890185
2691,185849.87006729614
2692,131166.5322850313
2693,186983.81939482514
2694,129588.68245864226
2695,191500.54094172438
2696,181167.20330473306
2697,185738.9870813729
2698,183852.24768667284
2699,174640.1604463457
2700,154332.73259425673
2701,146534.18112982798
2702,111316.86940916974
2703,118910.45986044742
2704,139209.4468755065
2705,120354.91502253329
2706,114564.75642279291
2707,123751.31120103673
2708,130365.37740537274
2709,101078.43432077621
2710,129245.76323895741
2711,276364.8272066551
2712,389092.4046192263
2713,171094.53516818903
2714,146738.93849629434
2715,166639.64974492567
2716,136658.68112668354
2717,176094.49717156054
2718,220512.3980780461
2719,149988.0916717855
2720,167342.7771494903
2721,135044.34473869705
2722,163388.77543060816
2723,144253.8854871469
2724,129890.71462031102
2725,133563.45961542786
2726,149133.8673443977
2727,175587.48981364985
2728,174958.00772107515
2729,148871.01323133512
2730,145451.10821342966
2731,129769.32596777988
2732,130687.35446511966
2733,158161.22879592562
2734,145433.8423488538
2735,138087.65164547364
2736,144568.09473052318
2737,126299.69473801937
2738,134963.4700609435
2739,161452.97067827592
2740,132960.81679047408
2741,146854.0687023317
2742,147233.39067072695
2743,148436.27224540542
2744,158232.9168026748
2745,138946.5884734088
2746,136580.99022216402
2747,139170.13016934766
2748,116480.86806684479
2749,127021.63595018775
2750,131455.5619975435
2751,132376.9017032767
2752,183593.24800103766
2753,144043.58356049113
2754,217081.26074410658
2755,133280.6742393602
2756,89911.75568824112
2757,66894.84838801569
2758,74563.32893771131
2759,160496.3859618619
2760,134934.36674672787
2761,143300.99725733488
2762,143264.7701983655
2763,182482.9566427894
2764,131289.57157216338
2765,285626.74815674586
2766,131709.8985900661
2767,85333.56602307165
2768,128771.8358258327
2769,130232.02882163695
2770,138766.76030334557
2771,109884.55531352933
2772,114209.43894184686
2773,157978.79280774953
2774,138872.70529604028
2775,116920.27721143897
2776,134655.81888667302
2777,139454.1418222287
2778,97512.09133349003
2779,122787.45181467742
2780,96237.19592498551
2781,97237.08255520143
2782,91882.83641593198
2783,99207.56797164945
2784,124175.03977689816
2785,135850.85283824356
2786,68290.14451077394
2787,120264.24559149971
2788,73867.223196174
2789,172937.41119816765
2790,92023.1636632164
2791,114996.72841536834
2792,51390.84050460853
2793,157878.5864033094
2794,96983.02323839918
2795,120600.25744273295
2796,95092.35792009898
2797,193010.7263185803
2798,111096.52110622489
2799,116945.13832889011
2800,63627.965053815475
2801,105541.16103005297
2802,131452.80565372633
2803,161247.456340456
2804,127378.3900102493
2805,101216.03328660804
2806,83879.68473050439
2807,157016.3253753028
2808,144397.04994371138
2809,135486.93097906842
2810,131432.63563279714
2811,156770.11318524112
2812,156503.38572054752
2813,153641.3246839132
2814,158607.86877612548
2815,95673.30320982692
2816,244381.00113737752
2817,149131.39736067015
2818,127788.54596268968
2819,164276.13724357518
2820,140246.5468299382
2821,111733.37701559179
2822,190500.04859627568
2823,305406.01262283674
2824,179594.0087222199
2825,140191.39917811856
2826,127615.66223823515
2827,137606.77709522663
2828,211589.1421395999
2829,194313.48169617954
2830,217270.66797480057
2831,175092.1217255717
2832,246372.91563105566
2833,286554.21277793916
2834,209252.13849923073
2835,214619.51552450412
2836,187850.8105206825
2837,146898.25517749327
2838,146499.67880621992
2839,172615.92055759384
2840,198390.91040246747
2841,203311.4212228187
2842,223500.19512658645
2843,147297.94050167565
2844,156973.1064115997
2845,120286.53143893316
2846,204885.19399525184
2847,202061.65399646654
2848,208806.75722790323
2849,194779.42046936607
2850,280180.2604958572
2851,216520.61138984415
2852,231411.4688967598
2853,235985.52344630213
2854,139181.86727337644
2855,196843.80911705026
2856,197286.22742930258
2857,180907.99712840177
2858,195858.14093297225
2859,119680.04069702825
2860,124298.3563380263
2861,118134.00108893099
2862,191703.7409030441
2863,124138.57777922922
2864,233533.78772312345
2865,136926.20066342532
2866,134532.10170059817
2867,94172.96266461896
2868,89829.3879299428
2869,111555.74664056711
2870,122806.58276877695
2871,85615.01810650024
2872,50477.105720796186
2873,97574.90126268449
2874,140093.34827877316
2875,118608.7132204501
2876,165409.6135608165
2877,137089.55427132707
2878,166323.40620100894
2879,143482.18664660133
2880,101700.6272241331
2881,147507.31463461783
2882,171408.80797897794
2883,192652.0678528722
2884,193533.7547694678
2885,183724.1231850383
2886,222337.33312906517
2887,94646.60716175668
2888,133037.17149200352
2889,56522.408413205114
2890,81963.50802651857
2891,135547.72628458918
2892,43655.15722935841
2893,67789.21072653309
2894,48827.31351638588
2895,311458.5551130695
2896,278825.5185356729
2897,195347.09666118253
2898,146990.07507226648
2899,210175.53112327584
2900,152342.22011710436
2901,189968.57386062326
2902,185037.43587841745
2903,330735.06174601807
2904,348423.90739007085
2905,83038.72014423154
2906,199092.18286864847
2907,107673.77069609595
2908,133747.84169073077
2909,141038.06204244716
2910,81462.23921039773
2911,78999.2762428486
2912,137946.48958826385
2913,86954.43229140784
2914,77238.74792270755
2915,81978.5414892281
2916,84614.67883923186
2917,153659.2363178228
2918,117949.77449056262
2919,222828.9720038672
