Id,SalePrice
1461,127454.64
1462,155704.53
1463,188837.66
1464,194238.36
1465,189095.9
1466,174473.4
1467,172335.67
1468,168396.16
1469,180142.17
1470,122955.79
1471,197707.23
1472,94245.46
1473,98177.46
1474,151029.73
1475,111841.766
1476,364827.03
1477,244526.38
1478,284609.8
1479,265662.16
1480,539515.25
1481,309078.72
1482,200949.81
1483,172160.39
1484,166480.62
1485,180455.45
1486,198600.33
1487,326101.88
1488,230362.78
1489,200321.44
1490,238659.25
1491,190953.06
1492,90213.33
1493,181074.69
1494,286004.0
1495,271965.03
1496,236276.83
1497,181636.62
1498,162573.06
1499,159078.52
1500,155249.62
1501,175385.78
1502,142184.42
1503,298110.75
1504,238170.17
1505,227177.06
1506,186542.42
1507,251503.45
1508,201981.19
1509,155013.2
1510,146412.61
1511,151032.47
1512,176263.42
1513,144511.83
1514,156589.67
1515,198961.47
1516,145948.52
1517,166022.42
1518,132568.17
1519,228319.75
1520,133982.17
1521,134312.62
1522,163019.27
1523,113705.14
1524,124265.125
1525,123555.516
1526,113157.01
1527,103829.71
1528,129882.61
1529,152040.33
1530,173565.45
1531,109098.3
1532,94503.14
1533,143851.81
1534,120510.23
1535,154265.64
1536,108262.39
1537,60565.574
1538,150658.3
1539,190503.05
1540,93171.0
1541,137146.16
1542,136264.05
1543,201580.92
1544,78850.0
1545,108142.484
1546,129595.44
1547,133767.05
1548,132594.73
1549,112054.016
1550,141289.84
1551,113452.44
1552,145723.34
1553,135887.33
1554,110715.375
1555,165482.44
1556,85156.01
1557,107913.766
1558,93119.93
1559,72946.79
1560,132502.83
1561,130178.24
1562,130788.99
1563,120881.32
1564,164291.27
1565,149855.97
1566,236928.03
1567,72873.23
1568,230009.34
1569,142536.19
1570,142621.98
1571,115714.05
1572,147092.78
1573,248296.12
1574,118185.87
1575,227912.06
1576,249970.2
1577,190621.0
1578,143214.06
1579,145911.08
1580,193566.73
1581,151036.78
1582,125423.234
1583,317751.28
1584,223615.75
1585,138639.25
1586,74611.56
1587,96586.79
1588,153405.78
1589,93801.43
1590,131756.86
1591,94033.31
1592,119292.32
1593,124270.82
1594,131595.61
1595,115205.22
1596,238090.23
1597,176542.86
1598,197096.16
1599,168729.25
1600,171314.3
1601,66441.72
1602,119751.8
1603,72134.266
1604,266071.66
1605,241075.81
1606,164814.8
1607,165294.73
1608,214002.86
1609,183775.08
1610,148780.28
1611,137733.5
1612,171607.16
1613,173381.31
1614,126348.01
1615,87711.92
1616,73057.98
1617,91720.12
1618,123953.13
1619,141190.98
1620,166668.88
1621,138128.25
1622,144062.69
1623,275876.16
1624,227442.19
1625,122088.67
1626,156384.17
1627,189845.23
1628,268678.9
1629,172274.05
1630,345546.3
1631,204280.83
1632,224244.89
1633,170096.73
1634,194298.77
1635,178154.0
1636,155485.2
1637,189391.89
1638,184822.27
1639,182809.81
1640,254352.61
1641,175914.62
1642,230733.47
1643,221774.22
1644,230440.56
1645,202842.12
1646,156501.6
1647,153640.77
1648,131599.88
1649,136238.06
1650,114927.15
1651,120340.71
1652,94133.45
1653,96414.59
1654,147246.61
1655,141147.77
1656,144949.92
1657,147837.86
1658,148169.14
1659,113623.3
1660,164210.77
1661,466452.1
1662,394131.84
1663,391390.4
1664,496645.6
1665,314943.44
1666,325008.4
1667,354787.75
1668,343377.53
1669,292630.38
1670,353626.72
1671,262371.84
1672,478230.56
1673,285402.38
1674,236297.78
1675,192948.56
1676,195141.1
1677,224391.44
1678,509120.47
1679,397351.5
1680,350622.22
1681,246627.39
1682,307234.62
1683,177101.86
1684,174049.95
1685,172548.31
1686,169092.5
1687,166922.9
1688,194527.0
1689,196188.86
1690,198743.56
1691,185171.23
1692,256725.52
1693,165128.03
1694,178446.31
1695,160260.77
1696,276572.66
1697,163570.4
1698,357077.28
1699,318542.88
1700,246936.17
1701,255768.55
1702,249283.16
1703,249105.39
1704,273885.94
1705,229401.88
1706,452480.4
1707,215742.2
1708,206242.06
1709,272116.56
1710,217753.05
1711,259574.42
1712,252184.83
1713,281106.53
1714,220898.44
1715,204463.25
1716,179777.3
1717,170495.44
1718,129208.305
1719,201665.52
1720,239035.1
1721,164133.58
1722,122934.69
1723,155957.31
1724,213380.89
1725,239325.02
1726,190485.25
1727,162559.11
1728,176950.77
1729,166540.5
1730,153099.44
1731,117695.69
1732,132470.86
1733,120002.28
1734,122162.98
1735,134150.17
1736,113400.3
1737,313345.72
1738,229216.86
1739,260742.02
1740,233249.45
1741,205045.94
1742,172395.34
1743,174591.1
1744,314144.9
1745,213417.92
1746,176141.6
1747,215544.17
1748,228158.45
1749,156384.92
1750,126946.84
1751,231854.23
1752,121078.39
1753,148302.45
1754,187490.02
1755,173405.45
1756,121593.555
1757,121057.02
1758,141784.56
1759,160293.94
1760,163815.19
1761,139311.36
1762,186696.55
1763,168689.02
1764,118326.27
1765,155549.44
1766,181289.81
1767,220766.81
1768,149024.95
1769,166867.84
1770,150738.92
1771,121374.01
1772,133931.84
1773,127398.016
1774,136225.84
1775,136136.38
1776,126210.0
1777,115258.08
1778,145554.17
1779,120333.82
1780,169825.72
1781,129596.92
1782,90040.57
1783,144725.05
1784,103652.42
1785,118736.38
1786,143050.81
1787,165161.42
1788,51983.89
1789,93290.86
1790,79652.055
1791,177834.53
1792,152323.92
1793,127754.01
1794,148969.53
1795,127867.61
1796,121386.51
1797,115622.16
1798,124783.86
1799,109388.97
1800,135618.69
1801,132918.72
1802,126054.46
1803,149832.67
1804,144896.3
1805,133631.25
1806,112892.6
1807,121036.016
1808,114000.586
1809,113844.24
1810,146104.62
1811,93886.36
1812,92107.65
1813,124198.42
1814,93453.81
1815,54007.07
1816,98663.57
1817,112851.586
1818,150101.56
1819,124578.51
1820,53261.0
1821,102125.74
1822,148446.64
1823,45313.45
1824,119953.766
1825,134182.03
1826,104287.7
1827,102108.695
1828,134121.53
1829,108124.234
1830,145759.47
1831,135377.94
1832,82510.34
1833,145617.48
1834,118471.14
1835,119060.12
1836,123284.68
1837,89465.53
1838,125952.2
1839,89908.336
1840,154584.19
1841,146900.31
1842,90024.42
1843,136646.39
1844,133381.44
1845,138945.81
1846,153679.45
1847,167593.48
1848,57320.082
1849,104172.69
1850,117025.7
1851,153765.08
1852,126984.14
1853,140872.36
1854,168442.42
1855,141419.12
1856,220328.06
1857,144957.67
1858,132343.7
1859,116082.0
1860,150434.17
1861,115091.016
1862,279293.2
1863,268160.53
1864,268699.4
1865,346768.1
1866,346436.56
1867,240282.11
1868,303323.8
1869,208973.52
1870,229002.95
1871,250517.9
1872,175860.61
1873,242552.42
1874,144090.31
1875,198921.44
1876,192084.0
1877,205183.27
1878,203928.52
1879,130012.24
1880,132133.6
1881,235645.39
1882,244494.67
1883,190975.1
1884,203184.81
1885,239727.97
1886,293996.84
1887,202202.62
1888,273812.28
1889,164998.95
1890,123701.71
1891,127655.73
1892,105764.86
1893,129733.19
1894,124490.266
1895,135371.48
1896,128729.12
1897,119763.33
1898,114881.45
1899,158012.25
1900,144124.11
1901,162995.95
1902,141027.08
1903,203343.19
1904,142412.4
1905,185042.55
1906,152636.56
1907,193741.62
1908,107856.664
1909,130313.766
1910,114434.766
1911,206927.48
1912,297666.72
1913,144527.53
1914,54310.773
1915,321103.7
1916,64398.902
1917,249905.36
1918,136524.47
1919,165324.53
1920,152298.94
1921,433575.3
1922,336952.2
1923,213651.9
1924,234710.36
1925,195177.2
1926,414829.03
1927,132072.62
1928,153974.47
1929,121322.39
1930,128645.17
1931,147462.05
1932,139741.55
1933,195322.08
1934,178608.22
1935,170375.64
1936,187003.75
1937,182721.45
1938,177972.47
1939,230618.42
1940,188650.81
1941,171373.77
1942,184227.45
1943,204094.28
1944,365761.72
1945,405861.12
1946,148308.67
1947,321176.28
1948,168657.66
1949,246071.52
1950,185051.89
1951,256020.64
1952,205495.02
1953,167160.11
1954,176999.2
1955,135792.11
1956,289800.38
1957,152228.8
1958,313121.38
1959,143781.17
1960,116828.33
1961,122848.55
1962,94380.2
1963,99438.55
1964,111950.41
1965,146507.72
1966,134830.61
1967,276590.6
1968,449598.0
1969,407169.56
1970,436875.9
1971,436962.56
1972,371061.3
1973,258829.14
1974,323689.44
1975,511196.94
1976,266196.03
1977,360677.75
1978,354937.0
1979,344718.53
1980,194818.3
1981,356835.94
1982,214549.1
1983,199144.66
1984,166384.75
1985,222632.45
1986,213462.7
1987,182831.97
1988,185219.28
1989,197233.6
1990,214810.33
1991,238327.4
1992,211610.92
1993,168536.58
1994,226791.53
1995,186126.23
1996,243483.88
1997,314922.1
1998,322158.25
1999,268417.4
2000,322352.16
2001,270040.9
2002,244780.0
2003,254032.38
2004,273259.25
2005,216934.72
2006,220848.52
2007,244115.36
2008,220254.95
2009,193084.23
2010,194273.38
2011,130765.92
2012,174242.61
2013,183863.08
2014,189876.2
2015,202990.73
2016,196775.55
2017,198778.44
2018,124817.54
2019,136515.73
2020,107165.914
2021,110878.625
2022,169162.02
2023,142071.64
2024,264513.9
2025,345058.94
2026,177832.0
2027,157444.4
2028,151894.23
2029,165888.36
2030,265404.38
2031,228759.36
2032,239466.11
2033,257220.56
2034,169961.0
2035,205606.17
2036,195677.62
2037,199467.02
2038,294938.44
2039,218372.98
2040,271101.44
2041,285722.12
2042,204931.39
2043,170105.66
2044,166435.22
2045,211337.05
2046,145734.73
2047,144749.2
2048,143268.16
2049,137355.97
2050,172305.75
2051,107492.23
2052,122435.44
2053,145594.02
2054,82950.6
2055,161187.19
2056,144422.27
2057,117434.0
2058,234328.58
2059,134037.39
2060,177311.94
2061,166500.8
2062,131982.1
2063,115096.28
2064,144979.92
2065,114385.56
2066,155793.5
2067,117687.04
2068,137638.69
2069,84124.74
2070,114016.68
2071,96981.74
2072,116404.82
2073,136248.45
2074,181267.33
2075,141611.72
2076,121417.88
2077,159054.4
2078,129987.695
2079,133323.95
2080,118281.37
2081,126203.86
2082,109160.12
2083,142750.86
2084,111081.414
2085,120686.766
2086,107257.83
2087,117406.79
2088,92451.05
2089,79763.73
2090,121437.805
2091,111640.57
2092,119161.33
2093,104522.28
2094,100750.984
2095,145500.88
2096,77077.13
2097,91116.55
2098,144797.25
2099,52583.832
2100,79957.86
2101,114895.586
2102,119956.97
2103,100955.18
2104,141113.72
2105,117790.12
2106,69877.305
2107,206078.3
2108,110523.375
2109,107609.875
2110,130007.78
2111,137282.11
2112,140762.64
2113,122662.64
2114,112152.586
2115,162408.95
2116,117085.2
2117,155248.28
2118,127000.85
2119,111836.12
2120,112344.31
2121,89559.95
2122,115690.21
2123,84088.73
2124,157384.36
2125,127853.47
2126,152473.47
2127,149477.16
2128,119768.93
2129,96640.414
2130,137190.5
2131,142459.81
2132,112282.08
2133,122330.625
2134,121218.07
2135,95628.984
2136,76594.53
2137,110223.484
2138,129924.12
2139,148725.52
2140,141154.1
2141,138286.95
2142,127092.94
2143,149603.8
2144,123210.74
2145,137651.42
2146,156593.56
2147,143134.47
2148,134057.2
2149,151745.25
2150,221523.94
2151,112661.79
2152,166478.25
2153,161736.6
2154,106040.38
2155,135480.75
2156,270055.84
2157,233538.81
2158,241417.94
2159,205291.11
2160,174035.84
2161,237257.25
2162,372543.47
2163,371717.97
2164,245198.92
2165,197774.94
2166,151650.34
2167,215445.11
2168,194765.9
2169,195404.98
2170,217229.94
2171,149360.88
2172,127387.93
2173,149976.78
2174,225298.47
2175,282044.25
2176,319120.28
2177,245026.88
2178,211092.9
2179,139565.34
2180,227279.12
2181,187069.03
2182,219889.97
2183,192761.7
2184,120801.92
2185,114591.59
2186,146332.75
2187,151262.53
2188,150258.53
2189,285812.6
2190,80456.055
2191,80222.14
2192,86915.87
2193,106056.56
2194,102711.4
2195,113434.48
2196,106743.016
2197,117319.26
2198,155955.23
2199,172046.16
2200,149060.9
2201,138467.73
2202,212951.12
2203,141816.61
2204,183982.17
2205,115029.56
2206,129953.98
2207,210577.78
2208,249306.92
2209,238943.47
2210,117645.75
2211,110877.15
2212,117663.02
2213,105940.414
2214,133168.17
2215,101563.95
2216,151277.1
2217,65876.01
2218,66030.62
2219,62072.69
2220,60162.77
2221,323806.78
2222,282205.4
2223,289716.9
2224,214187.23
2225,121044.67
2226,193318.23
2227,204969.89
2228,264605.5
2229,248005.52
2230,148428.81
2231,216287.72
2232,180389.72
2233,182895.97
2234,237021.14
2235,225212.75
2236,269885.66
2237,353405.56
2238,198480.1
2239,108238.55
2240,158955.08
2241,162282.94
2242,125149.62
2243,131008.08
2244,100399.93
2245,96080.21
2246,139647.62
2247,104426.234
2248,122585.1
2249,125976.586
2250,134570.34
2251,111533.305
2252,167443.64
2253,152919.81
2254,174793.67
2255,187377.94
2256,182319.36
2257,203337.56
2258,158056.86
2259,180529.47
2260,146821.6
2261,185756.69
2262,210017.62
2263,374077.88
2264,480665.34
2265,177557.3
2266,296338.56
2267,379260.28
2268,432264.06
2269,151077.12
2270,198413.28
2271,209602.23
2272,202221.9
2273,168047.7
2274,179894.27
2275,159472.84
2276,193218.52
2277,183416.84
2278,140145.4
2279,129056.21
2280,114665.82
2281,176844.31
2282,194722.81
2283,100986.766
2284,114453.98
2285,137373.8
2286,121335.0
2287,351495.03
2288,269791.97
2289,379232.06
2290,460901.7
2291,331642.5
2292,442741.2
2293,475897.5
2294,414230.88
2295,455691.47
2296,276522.8
2297,323325.7
2298,325532.66
2299,384846.47
2300,329291.1
2301,292727.22
2302,241127.33
2303,223184.53
2304,234616.36
2305,191069.28
2306,190935.39
2307,192045.17
2308,221417.92
2309,268363.66
2310,204451.56
2311,197666.33
2312,176885.14
2313,176541.67
2314,159660.94
2315,178317.88
2316,187166.3
2317,181250.39
2318,178190.2
2319,173108.53
2320,183140.5
2321,234685.28
2322,175767.22
2323,187688.05
2324,174067.89
2325,213358.5
2326,169652.83
2327,207302.58
2328,226909.44
2329,187920.89
2330,179471.69
2331,340242.97
2332,382576.94
2333,311955.06
2334,249093.75
2335,270046.3
2336,325372.2
2337,199473.3
2338,275362.78
2339,216219.45
2340,414754.25
2341,222548.81
2342,222611.23
2343,224681.38
2344,206055.3
2345,231461.44
2346,207285.77
2347,196385.61
2348,229495.53
2349,182175.62
2350,298309.8
2351,258149.73
2352,247420.83
2353,257736.47
2354,127452.09
2355,133947.17
2356,154170.48
2357,189672.05
2358,195328.78
2359,122985.58
2360,117744.97
2361,145688.45
2362,274552.78
2363,134734.72
2364,155151.94
2365,215230.1
2366,188396.05
2367,214520.25
2368,222231.95
2369,211701.77
2370,169407.08
2371,170367.52
2372,194761.27
2373,272031.72
2374,311979.16
2375,245273.75
2376,286211.9
2377,348633.3
2378,140824.8
2379,192805.64
2380,149335.67
2381,163268.05
2382,200086.98
2383,200692.22
2384,246373.5
2385,158997.38
2386,134260.38
2387,136395.62
2388,96592.96
2389,126395.375
2390,147957.61
2391,146022.3
2392,115190.06
2393,164462.45
2394,146330.52
2395,206307.97
2396,142832.42
2397,211135.0
2398,136196.62
2399,58445.066
2400,58456.547
2401,113737.89
2402,134221.72
2403,146061.3
2404,150805.64
2405,158156.69
2406,139981.38
2407,124225.79
2408,146393.47
2409,124732.81
2410,167304.45
2411,119734.78
2412,157734.47
2413,131403.48
2414,146339.88
2415,134637.34
2416,124731.984
2417,131575.78
2418,129873.57
2419,129174.3
2420,127623.586
2421,145617.06
2422,109296.055
2423,110577.56
2424,152294.44
2425,207743.33
2426,129308.16
2427,131965.73
2428,167955.9
2429,113089.8
2430,132959.55
2431,112889.37
2432,147579.1
2433,146033.16
2434,137744.53
2435,154975.66
2436,109092.89
2437,107404.1
2438,128527.69
2439,112584.88
2440,116556.9
2441,93431.54
2442,97793.766
2443,118676.5
2444,128123.22
2445,81965.11
2446,133892.89
2447,185212.73
2448,131348.23
2449,110510.195
2450,145790.2
2451,130887.07
2452,189859.19
2453,92918.73
2454,120357.58
2455,117252.15
2456,132553.64
2457,135525.6
2458,126208.195
2459,113189.6
2460,130683.39
2461,120148.74
2462,135409.19
2463,121277.625
2464,175906.23
2465,142844.95
2466,118058.79
2467,132158.42
2468,81895.57
2469,75125.79
2470,187195.92
2471,194888.9
2472,163361.5
2473,115300.734
2474,80593.055
2475,203304.02
2476,114702.79
2477,129390.805
2478,151199.5
2479,107501.766
2480,150987.83
2481,120702.66
2482,130227.3
2483,113590.69
2484,120827.04
2485,127351.37
2486,160378.5
2487,177218.28
2488,157624.25
2489,149657.17
2490,145536.95
2491,90905.72
2492,195960.55
2493,149481.0
2494,142270.28
2495,82752.75
2496,239057.89
2497,149513.8
2498,114435.97
2499,89749.42
2500,134189.45
2501,137033.33
2502,150802.77
2503,96408.34
2504,174435.31
2505,225537.31
2506,251579.73
2507,268153.62
2508,252617.62
2509,218885.69
2510,215088.31
2511,176283.92
2512,207074.75
2513,219078.66
2514,242075.23
2515,153825.06
2516,165774.5
2517,143578.11
2518,150287.62
2519,230348.28
2520,214961.98
2521,188831.17
2522,219659.0
2523,122938.32
2524,140502.31
2525,147766.83
2526,138476.86
2527,116982.52
2528,130886.695
2529,134906.61
2530,117587.305
2531,257896.53
2532,226540.78
2533,197219.88
2534,227526.8
2535,291634.38
2536,232629.88
2537,228392.05
2538,180593.53
2539,186113.81
2540,182111.88
2541,182764.33
2542,170961.92
2543,129239.98
2544,119976.08
2545,131130.95
2546,125056.44
2547,134630.03
2548,146587.39
2549,157412.44
2550,641584.94
2551,135338.56
2552,128681.984
2553,77902.52
2554,99452.96
2555,114164.98
2556,104851.65
2557,107779.96
2558,145426.66
2559,139329.3
2560,147928.12
2561,136515.61
2562,132459.11
2563,148789.78
2564,205449.95
2565,133374.7
2566,164012.61
2567,142211.67
2568,192070.62
2569,208509.67
2570,114237.84
2571,183351.78
2572,144449.12
2573,214838.0
2574,265013.88
2575,133282.27
2576,114431.6
2577,148852.94
2578,84789.64
2579,67911.71
2580,97521.44
2581,101160.76
2582,96105.23
2583,278749.28
2584,168952.9
2585,195063.33
2586,221492.69
2587,200016.97
2588,137027.58
2589,145406.83
2590,215390.88
2591,209766.4
2592,207619.92
2593,253229.58
2594,172713.77
2595,199026.38
2596,306566.44
2597,195651.12
2598,286183.25
2599,320845.34
2600,161209.94
2601,149137.69
2602,85192.4
2603,93545.836
2604,86334.6
2605,78922.83
2606,152931.19
2607,207537.78
2608,195076.53
2609,166334.47
2610,105049.43
2611,106572.64
2612,156543.83
2613,132338.66
2614,129524.016
2615,150362.17
2616,142959.7
2617,177410.2
2618,212474.81
2619,183307.38
2620,177883.9
2621,175406.36
2622,184859.98
2623,237970.61
2624,299501.66
2625,281007.1
2626,172807.34
2627,157512.75
2628,474791.84
2629,515707.25
2630,358431.1
2631,474988.4
2632,435732.06
2633,301375.22
2634,437257.28
2635,154732.58
2636,176932.38
2637,184533.25
2638,249014.17
2639,187236.28
2640,149732.27
2641,106967.516
2642,197063.44
2643,102288.81
2644,127965.2
2645,103622.375
2646,94801.664
2647,101465.98
2648,141184.52
2649,145296.48
2650,131249.69
2651,140813.52
2652,411574.5
2653,242409.75
2654,245472.89
2655,424967.84
2656,301206.25
2657,338344.22
2658,281584.12
2659,300476.1
2660,347684.38
2661,321507.88
2662,368709.2
2663,272786.9
2664,257488.83
2665,322974.38
2666,271699.06
2667,166766.17
2668,173908.42
2669,179247.1
2670,262915.9
2671,179708.39
2672,192495.33
2673,204964.61
2674,203834.4
2675,170359.72
2676,190198.08
2677,193112.4
2678,245120.6
2679,263670.44
2680,266643.72
2681,408231.4
2682,317566.16
2683,552401.7
2684,309356.22
2685,312468.06
2686,253168.72
2687,334154.34
2688,204510.06
2689,194870.5
2690,471500.16
2691,193034.89
2692,129295.086
2693,186897.67
2694,127934.58
2695,191731.88
2696,182733.3
2697,187056.73
2698,193907.06
2699,176319.73
2700,161288.06
2701,149614.36
2702,110655.734
2703,122012.43
2704,138249.36
2705,122415.7
2706,117273.4
2707,125214.92
2708,133185.95
2709,99997.34
2710,126541.195
2711,293970.2
2712,403030.78
2713,177018.62
2714,149441.67
2715,170861.34
2716,140768.55
2717,193073.55
2718,223993.33
2719,159760.25
2720,165072.94
2721,135149.88
2722,159700.08
2723,140034.25
2724,132820.64
2725,131758.48
2726,154562.67
2727,180315.94
2728,169603.81
2729,147097.12
2730,144608.33
2731,132352.67
2732,128100.74
2733,156594.6
2734,144567.66
2735,140467.88
2736,143552.23
2737,126496.43
2738,136707.78
2739,160427.3
2740,129865.766
2741,145597.2
2742,148934.16
2743,147633.44
2744,159393.64
2745,137625.69
2746,137625.3
2747,139607.67
2748,122284.086
2749,130342.72
2750,134914.2
2751,135208.27
2752,180016.28
2753,146318.66
2754,240543.02
2755,132493.36
2756,93643.49
2757,64479.223
2758,78304.83
2759,160826.81
2760,121786.086
2761,143327.88
2762,144779.44
2763,178460.1
2764,137684.11
2765,259848.11
2766,123477.766
2767,91564.2
2768,132748.33
2769,134597.94
2770,129997.984
2771,110199.1
2772,111838.36
2773,163393.14
2774,137066.0
2775,118142.93
2776,131381.19
2777,136118.33
2778,92589.13
2779,121827.91
2780,92428.83
2781,97531.02
2782,93658.94
2783,98859.1
2784,122826.76
2785,138934.14
2786,72772.87
2787,121652.94
2788,76850.41
2789,158900.52
2790,95692.664
2791,114881.67
2792,55705.42
2793,151317.78
2794,100924.664
2795,122960.25
2796,99971.125
2797,187266.98
2798,107215.695
2799,119771.33
2800,61029.137
2801,106651.64
2802,129047.59
2803,158913.1
2804,127457.44
2805,100165.05
2806,87407.13
2807,153084.11
2808,147356.33
2809,135847.67
2810,128970.83
2811,158294.9
2812,156025.45
2813,152061.94
2814,154918.77
2815,91870.43
2816,225196.86
2817,154502.39
2818,131992.55
2819,160950.78
2820,138615.33
2821,102101.69
2822,193931.84
2823,321615.8
2824,188192.23
2825,143549.62
2826,129842.734
2827,137241.14
2828,222832.55
2829,211142.44
2830,222792.81
2831,173567.44
2832,257723.69
2833,293883.88
2834,211714.08
2835,221446.42
2836,191318.89
2837,149031.34
2838,146084.97
2839,183770.69
2840,192731.56
2841,207104.17
2842,229061.72
2843,146327.73
2844,157995.08
2845,120615.89
2846,210163.28
2847,201776.14
2848,208668.61
2849,196597.73
2850,269853.22
2851,223586.97
2852,223572.67
2853,238581.66
2854,138867.52
2855,197926.64
2856,202283.83
2857,184413.78
2858,200831.8
2859,122547.0
2860,128719.3
2861,124223.42
2862,196414.83
2863,120223.82
2864,251788.8
2865,133375.47
2866,137592.89
2867,99477.43
2868,103574.555
2869,113774.125
2870,125717.11
2871,82998.48
2872,52816.133
2873,96097.07
2874,144295.47
2875,115410.2
2876,158480.55
2877,140344.28
2878,157874.12
2879,143212.16
2880,102856.766
2881,142838.42
2882,181462.44
2883,197178.69
2884,196178.58
2885,181669.7
2886,226809.27
2887,89708.09
2888,135243.61
2889,54621.137
2890,81877.92
2891,135798.31
2892,45570.527
2893,69647.77
2894,54343.26
2895,307927.47
2896,282838.6
2897,193862.88
2898,147265.28
2899,209436.19
2900,157556.47
2901,200961.69
2902,189667.72
2903,329643.0
2904,367905.53
2905,85436.49
2906,199653.53
2907,108663.63
2908,133958.67
2909,154817.73
2910,79714.06
2911,83063.73
2912,143650.97
2913,84113.19
2914,77709.75
2915,82738.86
2916,83152.26
2917,161800.0
2918,117510.625
2919,212919.05
